This is Ipopt version 3.12.3, running with linear solver ma97.

Number of nonzeros in equality constraint Jacobian...:    81928
Number of nonzeros in inequality constraint Jacobian.:     3600
Number of nonzeros in Lagrangian Hessian.............:    50323

Total number of variables............................:    13807
                     variables with only lower bounds:        0
                variables with lower and upper bounds:    13807
                     variables with only upper bounds:        0
Total number of equality constraints.................:    12857
Total number of inequality constraints...............:     1800
        inequality constraints with only lower bounds:      900
   inequality constraints with lower and upper bounds:        0
        inequality constraints with only upper bounds:      900

iter    objective    inf_pr   inf_du lg(mu)  ||d||  lg(rg) alpha_du alpha_pr  ls
   0 1.0183447e-001 7.90e+002 8.61e-001   0.0 0.00e+000    -  0.00e+000 0.00e+000   0
   1 2.0567287e-001 6.28e+002 1.38e+004   0.7 1.25e+001   0.0 4.98e-001 1.87e-001f  1
   2 2.7122452e-001 5.64e+002 6.93e+003   1.0 1.00e+001   0.4 1.00e+000 2.17e-001f  1
   3 2.9637813e-001 4.42e+002 1.80e+004  -5.0 1.27e+001  -0.1 3.73e-001 2.00e-001h  1
   4 4.1693972e-001 4.05e+002 3.03e+004   1.4 6.08e+000   2.2 1.00e+000 1.27e-001h  1
   5 5.9732227e-001 3.09e+002 1.34e+005   0.8 6.76e+000   1.7 3.49e-001 2.61e-001h  1
   6 6.8401713e-001 2.88e+002 2.19e+005   1.9 5.04e+000   3.0 1.00e+000 6.84e-002h  1
   7 7.3414934e-001 2.45e+002 2.38e+005   2.3 5.21e+000   2.6 6.75e-001 1.47e-001h  1
   8 6.7052132e-001 2.05e+002 4.57e+006   2.6 2.50e+001   2.1 1.22e-001 1.69e-001f  1
   9 7.1185157e-001 1.93e+002 4.14e+006   2.2 1.91e+000   4.3 2.42e-001 5.90e-002h  1
iter    objective    inf_pr   inf_du lg(mu)  ||d||  lg(rg) alpha_du alpha_pr  ls
  10 8.2437411e-001 1.65e+002 3.15e+006   2.2 2.80e+000   3.8 2.61e-001 1.55e-001h  1
  11 8.3274588e-001 1.62e+002 3.10e+006   2.2 3.02e+000   4.3 1.86e-001 1.53e-002h  1
  12 8.9231496e-001 1.48e+002 2.89e+006   2.2 2.79e+000   4.7 1.75e-001 8.81e-002h  1
  13 8.9466978e-001 1.47e+002 4.98e+006   1.5 2.62e+000   5.1 1.79e-001 4.87e-003h  1
  14 9.1463756e-001 1.41e+002 2.95e+007   1.5 2.66e+000   5.5 4.57e-001 3.91e-002h  1
  15 9.8812919e-001 1.17e+002 2.49e+007   3.4 2.64e+000   5.1 1.43e-001 1.69e-001h  1
  16 9.9391573e-001 1.16e+002 2.11e+007   3.4 2.18e+000   6.4 1.97e-002 1.15e-002h  1
  17 1.0005944e+000 1.14e+002 1.01e+008   3.4 1.83e+000   6.8 1.20e-001 1.45e-002h  1
  18 1.0054388e+000 1.13e+002 1.03e+008   3.4 2.30e+000   6.3 2.74e-002 1.10e-002h  1
  19 1.0207710e+000 1.09e+002 4.75e+008   3.4 2.16e+000   6.8 4.87e-001 3.24e-002h  1
iter    objective    inf_pr   inf_du lg(mu)  ||d||  lg(rg) alpha_du alpha_pr  ls
  20 1.0395649e+000 1.04e+002 4.74e+008   3.4 2.14e+000   7.2 6.13e-002 4.70e-002h  1
  21 1.0500275e+000 1.01e+002 1.21e+009   3.4 2.24e+000   7.6 6.88e-001 2.77e-002h  1
  22 1.0616035e+000 9.81e+001 1.33e+009  -2.6 2.23e+000   8.0 6.99e-002 3.22e-002h  1
  23 1.0623720e+000 9.78e+001 1.28e+009   3.4 1.83e+000   7.6 2.12e-001 3.27e-003h  1
  24 1.0843601e+000 9.01e+001 9.37e+009   3.3 1.87e+000   8.0 1.00e+000 7.84e-002h  1
  25 1.0922296e+000 8.66e+001 1.34e+010   3.4 1.79e+000   8.4 1.86e-001 3.89e-002h  1
  26 1.1063707e+000 8.08e+001 4.26e+010   3.4 1.73e+000   8.8 5.04e-001 6.62e-002h  1
  27 1.1093610e+000 7.97e+001 8.15e+010   3.4 1.62e+000   9.3 6.08e-001 1.46e-002h  1
  28 1.1159471e+000 7.68e+001 1.36e+011   3.4 1.61e+000   9.7 3.59e-001 3.62e-002h  1
  29 1.1212538e+000 7.46e+001 4.63e+011   3.3 1.52e+000  10.1 1.00e+000 2.78e-002h  1
iter    objective    inf_pr   inf_du lg(mu)  ||d||  lg(rg) alpha_du alpha_pr  ls
  30 1.1262480e+000 7.28e+001 7.67e+011   3.4 1.43e+000  10.5 3.89e-001 2.49e-002h  1
  31 1.1438954e+000 6.69e+001 5.44e+011   3.4 1.92e+000  10.1 5.35e-001 8.07e-002h  1
  32 1.1440772e+000 6.68e+001 5.63e+011   3.4 6.86e+000  10.5 1.12e-001 1.05e-003h  1
  33 1.1442382e+000 6.68e+001 7.62e+011   3.4 1.26e+000  10.0 4.55e-001 1.03e-003h  1
  34 1.1626014e+000 5.78e+001 6.59e+011   3.4 2.22e+000   9.5 1.29e-001 1.33e-001h  1
  35 1.1632173e+000 5.76e+001 4.53e+012   3.4 1.08e+000  10.9 4.53e-001 4.17e-003h  1
  36 1.1645369e+000 5.63e+001 6.12e+012   3.4 3.52e+000  10.4 1.87e-001 2.34e-002h  1
  37 1.1646067e+000 5.62e+001 5.64e+012  -1.7 2.07e+000  10.8 8.54e-002 5.97e-004h  1
  38 1.1689997e+000 5.30e+001 3.77e+012  -1.6 2.63e+000  10.3 8.07e-004 5.75e-002h  1
  39 1.1696227e+000 5.28e+001 1.38e+012  -1.7 6.12e+000  10.8 1.74e-002 2.85e-003h  1
iter    objective    inf_pr   inf_du lg(mu)  ||d||  lg(rg) alpha_du alpha_pr  ls
  40 1.1696399e+000 5.28e+001 1.37e+012   3.4 6.19e+000  11.2 6.57e-005 7.62e-005h  1
  41 1.1696414e+000 5.28e+001 1.37e+012   3.4 2.63e+000  10.7 4.53e-006 1.12e-005h  1
  42 1.1720808e+000 4.95e+001 1.24e+012   3.4 3.22e+000  10.2 9.48e-006 6.32e-002f  1
  43 1.1720837e+000 4.95e+001 1.51e+012   3.4 5.28e+000  10.7 9.09e-002 2.98e-005h  1
  44 1.1723973e+000 4.93e+001 3.23e+012   3.4 1.05e+000  11.1 1.68e-001 3.05e-003h  1
  45 1.1737753e+000 4.87e+001 3.18e+012  -1.5 1.02e+000  10.6 1.73e-002 1.27e-002h  1
  46 1.1758662e+000 4.78e+001 3.02e+012   3.4 9.46e-001  11.0 1.01e-004 1.80e-002h  1
  47 1.1819324e+000 4.52e+001 3.27e+012   3.4 1.35e+000  11.5 2.73e-003 5.51e-002h  1
  48 1.1820422e+000 4.52e+001 4.32e+012   3.4 3.68e+000  11.9 4.56e-004 8.53e-004h  1
  49 1.1820552e+000 4.52e+001 4.39e+012   3.4 1.14e+000  12.3 1.64e-005 1.17e-004h  1
iter    objective    inf_pr   inf_du lg(mu)  ||d||  lg(rg) alpha_du alpha_pr  ls
  50 1.1821532e+000 4.51e+001 4.39e+012   3.4 1.74e+000  11.8 1.19e-004 1.05e-003h  1
  51 1.1828005e+000 4.48e+001 4.36e+012   3.4 1.17e+000  12.3 1.31e-003 6.15e-003h  1
  52 1.1830185e+000 4.47e+001 4.35e+012   3.4 1.72e+000  11.8 1.68e-003 3.09e-003h  1
  53 1.1831477e+000 4.46e+001 4.34e+012   3.4 1.28e+000  12.2 3.82e-003 1.67e-003h  1
  54 1.1834894e+000 4.44e+001 4.32e+012   3.4 1.69e+000  11.7 3.79e-002 4.74e-003h  1
  55 1.1847444e+000 4.33e+001 4.21e+012   3.4 5.50e+000  11.3 4.31e-002 2.52e-002h  1
  56 1.1886274e+000 4.17e+001 4.05e+012   3.4 1.17e+000  11.7 2.18e-002 3.79e-002h  1
  57 1.1886654e+000 4.16e+001 1.01e+014   3.4 8.62e-001  12.1 5.45e-001 4.04e-004h  1
  58 1.1895187e+000 4.14e+001 9.67e+013   3.4 6.11e+000  11.6 7.44e-002 5.75e-003h  1
  59 1.1896058e+000 4.14e+001 1.46e+014   3.4 8.77e-001  12.1 7.16e-001 9.63e-004h  1
iter    objective    inf_pr   inf_du lg(mu)  ||d||  lg(rg) alpha_du alpha_pr  ls
  60 1.1911457e+000 4.08e+001 1.38e+014   3.4 3.19e+000  11.6 7.38e-002 1.23e-002h  1
  61 1.1913082e+000 4.08e+001 1.39e+014   3.4 9.16e-001  12.0 8.24e-001 1.74e-003h  1
  62 1.1936692e+000 3.97e+001 1.30e+014   3.4 1.01e+000  11.5 8.47e-002 2.54e-002h  1
  63 1.2027320e+000 3.60e+001 1.14e+014   3.4 8.49e-001  12.0 5.44e-001 9.32e-002h  1
  64 1.2176586e+000 3.09e+001 1.15e+014   3.4 7.91e-001  12.4 2.45e-001 1.43e-001h  1
  65 1.2195093e+000 3.03e+001 1.13e+014   3.4 1.03e+000  11.9 2.19e-002 1.80e-002h  1
  66 1.2199382e+000 3.02e+001 1.13e+014   2.4 1.07e+000  11.4 2.90e-004 4.45e-003h  1
  67 1.2200934e+000 3.02e+001 1.13e+014   3.4 9.55e-001  11.9 2.03e-006 1.54e-003f  1
  68 1.2253158e+000 2.82e+001 1.00e+014   3.4 6.97e-001  12.3 1.83e-004 6.43e-002h  1
  69 1.2253377e+000 2.82e+001 3.70e+014   3.4 6.50e-001  12.7 5.79e-001 2.77e-004h  1
iter    objective    inf_pr   inf_du lg(mu)  ||d||  lg(rg) alpha_du alpha_pr  ls
  70 1.2261276e+000 2.79e+001 3.66e+014   3.4 6.78e-001  12.2 1.57e-002 1.07e-002h  1
  71 1.2269332e+000 2.76e+001 3.63e+014   3.4 6.61e-001  12.7 2.05e-002 1.04e-002h  1
  72 1.2283824e+000 2.73e+001 3.58e+014   3.4 1.21e+001  12.2 2.18e-003 1.26e-002h  1
  73 1.2308592e+000 2.64e+001 3.46e+014   3.4 6.58e-001  12.6 2.92e-002 3.29e-002h  1
  74 1.2308961e+000 2.64e+001 6.19e+014   3.4 6.55e-001  13.0 1.80e-001 4.67e-004h  1
  75 1.2315696e+000 2.61e+001 6.13e+014   3.4 6.69e-001  12.6 7.21e-002 9.02e-003h  1
  76 1.2317648e+000 2.60e+001 1.28e+015   3.4 6.58e-001  13.0 6.42e-001 3.26e-003h  1
  77 1.2347266e+000 2.47e+001 1.20e+015   3.4 6.70e-001  12.5 6.93e-002 5.14e-002h  1
  78 1.2367138e+000 2.37e+001 8.35e+014   3.4 6.68e-001  12.0 3.24e-001 3.89e-002h  1
  79 1.2367641e+000 2.37e+001 7.44e+014   3.4 6.21e-001  12.5 2.02e-001 9.48e-004h  1
iter    objective    inf_pr   inf_du lg(mu)  ||d||  lg(rg) alpha_du alpha_pr  ls
  80 1.2377006e+000 2.33e+001 6.14e+014   3.4 6.49e-001  12.0 1.83e-001 1.92e-002h  1
  81 1.2427219e+000 2.10e+001 5.83e+014   3.4 6.11e-001  12.4 1.01e-003 9.55e-002h  1
  82 1.2432928e+000 2.08e+001 5.78e+014   3.4 1.44e+000  11.9 8.61e-003 1.27e-002h  1
  83 1.2434890e+000 2.07e+001 4.19e+014   3.3 5.54e-001  12.4 4.14e-001 4.53e-003h  1
  84 1.2528067e+000 1.66e+001 2.66e+014   3.4 5.40e-001  12.8 2.26e-003 1.97e-001h  1
  85 1.2537356e+000 1.62e+001 2.70e+014   3.4 4.38e-001  12.3 9.03e-005 2.44e-002h  1
  86 1.2537456e+000 1.62e+001 2.75e+014   3.4 4.34e-001  12.7 5.18e-002 2.63e-004h  1
  87 1.2539824e+000 1.61e+001 8.55e+013   3.4 4.54e-001  12.2 1.00e+000 8.14e-003h  1
  88 1.2555036e+000 1.52e+001 4.14e+013   3.4 4.33e-001  12.7 1.87e-001 5.20e-002h  1
  89 1.2555172e+000 1.52e+001 1.40e+014   3.3 4.32e-001  12.2 1.00e+000 4.89e-004h  1
iter    objective    inf_pr   inf_du lg(mu)  ||d||  lg(rg) alpha_du alpha_pr  ls
  90 1.2570982e+000 1.43e+001 9.03e+013  -1.3 4.13e-001  12.6 1.91e-001 5.84e-002h  1
  91 1.2698147e+000 8.10e+000 1.41e+014   3.4 4.12e-001  12.1 5.09e-003 4.37e-001h  1
  92 1.2698237e+000 8.10e+000 2.08e+014   3.1 2.57e-001  11.7 8.60e-001 6.37e-004h  1
  93 1.2699844e+000 8.00e+000 2.05e+014   3.4 2.27e-001  12.1 1.66e-002 1.23e-002h  1
  94 1.2707211e+000 7.58e+000 1.93e+014   3.4 2.59e-001  11.6 7.74e-004 5.22e-002h  1
  95 1.2707349e+000 7.57e+000 1.85e+014   3.4 2.19e-001  12.0 5.73e-001 8.66e-004h  1
  96 1.2708562e+000 7.52e+000 2.11e+014   1.7 2.46e-001  11.6 6.53e-001 7.42e-003h  1
  97 1.2773287e+000 4.51e+000 1.12e+014   3.4 2.19e-001  12.0 1.00e+000 4.01e-001h  1
  98 1.2781922e+000 4.02e+000 1.27e+014   3.4 1.49e-001  11.5 6.33e-001 1.09e-001h  1
  99 1.2782076e+000 4.01e+000 1.27e+014   3.4 1.14e-001  11.9 6.41e-003 2.38e-003h  1
iter    objective    inf_pr   inf_du lg(mu)  ||d||  lg(rg) alpha_du alpha_pr  ls
 100 1.2814227e+000 7.56e+000 6.16e+013   3.4 1.33e-001  11.5 2.39e-004 4.40e-001h  1
 101 1.2814619e+000 7.50e+000 7.65e+013  -2.4 1.31e-001  11.0 5.45e-001 7.19e-003h  1
 102 1.2815115e+000 7.44e+000 7.59e+013   3.4 8.24e-002  11.4 9.71e-003 8.53e-003h  1
 103 1.2818083e+000 7.05e+000 7.17e+013   3.3 6.58e-002  11.8 2.34e-001 5.21e-002h  1
 104 1.2818255e+000 7.03e+000 7.93e+013   3.4 7.87e-002  11.4 8.03e-001 3.21e-003h  1
 105 1.2819120e+000 6.91e+000 7.77e+013   3.4 6.07e-002  11.8 5.32e-002 1.66e-002h  1
 106 1.2830474e+000 5.39e+000 6.00e+013   3.4 7.99e-002  11.3 2.16e-002 2.20e-001f  1
 107 1.2830478e+000 5.39e+000 6.03e+013   3.4 4.90e-001  10.8 4.05e-002 3.22e-004h  1
 108 1.2830731e+000 5.34e+000 5.99e+013   3.4 6.03e-002  11.3 4.65e-002 8.31e-003h  1
 109 1.2831087e+000 5.27e+000 5.85e+013   3.1 4.66e-002  11.7 1.00e+000 1.34e-002h  1
iter    objective    inf_pr   inf_du lg(mu)  ||d||  lg(rg) alpha_du alpha_pr  ls
 110 1.2838275e+000 3.78e+000 4.05e+013   3.4 6.10e-002  11.2 1.40e-002 2.83e-001f  1
 111 1.2838402e+000 3.75e+000 4.42e+013   3.4 5.77e-002  10.7 5.36e-001 8.24e-003h  1
 112 1.2851156e+000 1.85e+000 1.27e+013   3.4 3.99e-002  11.2 3.30e-002 6.78e-001f  1
 113 1.2850911e+000 2.47e+000 1.06e+012   3.0 2.57e-002  10.7 7.58e-001 9.90e-001f  1
 114 1.2853237e+000 2.62e-003 5.64e+011   3.4 6.77e-003  10.2 5.48e-001 1.00e+000f  1
 115 1.2853233e+000 2.63e-007 9.07e+009   1.2 9.04e-005   9.7 9.82e-001 1.00e+000f  1
 116 1.2853233e+000 2.44e-011 4.97e+007  -4.3 3.27e-009   9.3 9.90e-001 1.00e+000h  1
 117 1.2853217e+000 1.55e-010 1.36e+006  -0.4 8.61e-006   8.8 9.73e-001 1.00e+000f  1
 118 1.2852995e+000 3.96e-008 2.11e+007  -0.4 5.50e-005   8.3 8.80e-002 1.00e+000f  1
 119 1.2852995e+000 4.35e-011 2.39e+004  -6.4 6.54e-010   7.8 9.90e-001 1.00e+000h  1
iter    objective    inf_pr   inf_du lg(mu)  ||d||  lg(rg) alpha_du alpha_pr  ls
 120 1.2852984e+000 4.76e-010 5.38e+001  -2.5 2.45e-006   7.3 1.00e+000 1.00e+000f  1
 121 1.2852955e+000 2.31e-009 4.85e+001  -2.5 6.62e-006   6.9 1.00e+000 1.00e+000f  1
 122 1.2852886e+000 7.71e-009 3.82e+001  -2.5 1.57e-005   6.4 1.00e+000 1.00e+000f  1
 123 1.2852881e+000 3.58e-011 7.63e-001  -4.0 9.38e-007   5.9 1.00e+000 1.00e+000h  1
 124 1.2852866e+000 4.18e-010 9.00e-001  -4.1 3.32e-006   5.4 1.00e+000 1.00e+000f  1
 125 1.2852824e+000 2.38e-009 8.07e-001  -4.1 8.92e-006   5.0 1.00e+000 1.00e+000f  1
 126 1.2852722e+000 1.06e-008 6.45e-001  -4.1 2.14e-005   4.5 1.00e+000 1.00e+000f  1
 127 1.2852697e+000 1.08e-010 2.48e-002  -5.5 2.47e-006   4.0 1.00e+000 1.00e+000h  1
 128 1.2852632e+000 5.97e-010 2.07e-002  -7.0 6.17e-006   3.5 1.00e+000 1.00e+000h  1
 129 1.2852436e+000 5.54e-009 2.08e-002  -8.0 1.86e-005   3.0 1.00e+000 1.00e+000h  1
iter    objective    inf_pr   inf_du lg(mu)  ||d||  lg(rg) alpha_du alpha_pr  ls
 130 1.2851847e+000 5.00e-008 2.08e-002  -8.3 5.58e-005   2.6 1.00e+000 1.00e+000h  1
 131 1.2851652e+000 5.01e-008 2.08e-002  -8.1 1.65e-004   2.1 1.00e+000 1.12e-001h  1
 132 1.2850565e+000 2.14e-007 2.89e-002  -7.6 4.82e-004   1.6 1.00e+000 2.10e-001h  1
 133 1.2840592e+000 1.46e-005 2.33e-002  -6.7 1.42e-003   1.1 1.00e+000 6.47e-001f  1
 134 1.2794808e+000 3.11e-004 1.95e-002  -5.6 4.24e-003   0.7 1.00e+000 1.00e+000f  1
 135 1.2651978e+000 1.17e-001 2.48e+000  -4.5 1.24e-002   0.2 1.00e+000 1.00e+000f  1
 136 1.2194332e+000 1.05e+001 3.23e+000  -3.6 4.26e-002  -0.3 1.00e+000 1.00e+000h  1
 137 1.0797737e+000 6.52e+000 7.48e+000  -2.8 1.20e-001  -0.8 1.00e+000 1.00e+000h  1
 138 9.4340164e-001 2.27e+001 1.58e+000  -4.5 1.76e-001  -1.2 5.13e-001 1.00e+000h  1
 139 8.8040635e-001 3.36e+000 5.09e+000  -3.1 7.26e-002  -0.8 9.85e-001 1.00e+000h  1
iter    objective    inf_pr   inf_du lg(mu)  ||d||  lg(rg) alpha_du alpha_pr  ls
 140 7.0029474e-001 2.09e+002 2.90e+001  -2.4 7.25e-001  -1.3 1.00e+000 7.54e-001f  1
 141 6.7646190e-001 6.92e+001 1.67e+001  -2.6 5.08e-001  -0.9 8.05e-001 7.78e-001h  1
 142 6.7961466e-001 2.97e+000 2.10e+001  -2.3 3.85e-001  -0.4 1.00e+000 1.00e+000h  1
 143 6.7566703e-001 5.75e+000 5.42e+000  -2.4 1.38e-001   0.9 9.99e-001 1.00e+000h  1
 144 6.7483490e-001 5.23e-002 2.22e+000  -3.2 2.89e-002   0.4 1.00e+000 1.00e+000h  1
 145 6.6845842e-001 6.03e-003 1.55e-001  -4.1 9.69e-003  -0.1 1.00e+000 1.00e+000h  1
 146 6.5031525e-001 5.25e-002 3.23e-002  -5.1 2.96e-002  -0.5 1.00e+000 1.00e+000h  1
 147 6.1520322e-001 2.29e-001 1.13e-002  -5.1 7.04e-002  -1.0 1.00e+000 7.86e-001h  1
 148 5.2661252e-001 2.22e+000 1.32e-001  -5.2 1.46e-001  -1.5 9.99e-001 1.00e+000h  1
 149 4.0960573e-001 8.13e+000 4.06e-001  -3.7 2.78e-001  -2.0 9.87e-001 1.00e+000h  1
iter    objective    inf_pr   inf_du lg(mu)  ||d||  lg(rg) alpha_du alpha_pr  ls
 150 3.5558372e-001 9.27e+000 7.78e-001  -9.7 1.30e+000  -2.5 1.00e-001 5.97e-001h  1
 151 3.7234169e-001 1.22e+001 2.97e+000  -2.7 1.50e+000  -2.0 5.02e-001 6.33e-001h  1
 152 3.6702512e-001 2.75e+001 6.07e+000  -3.1 5.90e-001  -0.7 2.51e-001 1.00e+000h  1
 153 3.5730723e-001 1.48e+000 3.00e+000  -3.1 3.25e-001  -1.2 3.49e-001 1.00e+000h  1
 154 3.8270200e-001 8.43e+000 4.67e+000  -2.5 4.29e-001  -1.7 1.00e+000 1.00e+000h  1
 155 3.8773192e-001 2.07e+001 3.79e+000  -2.6 4.10e+000  -2.1 4.40e-002 1.94e-001h  1
 156 4.1043658e-001 4.05e+000 2.25e+001  -2.6 7.21e-001  -0.8 1.93e-001 1.00e+000h  1
 157 3.8328457e-001 1.90e+000 1.39e+001  -2.6 4.53e-001  -0.4 4.15e-001 1.00e+000h  1
 158 3.7670791e-001 3.73e+001 4.39e+001  -2.0 3.66e-001   0.0 1.00e+000 1.00e+000h  1
 159 3.8289521e-001 4.74e-001 1.26e+001  -2.1 2.26e-001  -0.4 4.81e-001 1.00e+000h  1
iter    objective    inf_pr   inf_du lg(mu)  ||d||  lg(rg) alpha_du alpha_pr  ls
 160 4.1283984e-001 1.62e+001 1.08e+002  -1.3 5.76e-001  -0.0 1.00e+000 1.00e+000f  1
 161 4.2463411e-001 9.90e+001 1.47e+002  -1.4 2.31e+000  -0.5 4.14e-001 8.66e-001f  1
 162 4.6912229e-001 1.18e+001 1.05e+002  -1.4 9.68e-001  -0.1 3.04e-001 9.30e-001h  1
 163 4.7877534e-001 8.81e+000 9.07e+001  -1.4 9.61e-001  -0.5 2.51e-001 2.19e-001f  1
 164 4.5769455e-001 5.64e+000 8.40e+001  -1.4 3.54e+000  -0.1 1.25e-001 5.84e-001f  1
 165 4.6577577e-001 1.05e+001 1.05e+002  -1.4 7.46e-001   0.3 5.65e-001 1.00e+000f  1
 166 4.4204704e-001 1.06e+001 3.76e+002  -1.4 4.40e-001   0.7 6.17e-001 1.00e+000h  1
 167 4.4223135e-001 4.09e+000 3.45e+002  -1.4 4.63e-001   1.2 7.68e-001 5.00e-001H  1
 168 4.5052509e-001 5.62e+000 9.16e+003  -1.4 1.03e+000   2.5 3.45e-002 6.46e-001h  1
 169 4.3426440e-001 3.44e+000 3.77e+004  -1.4 6.43e-001   2.9 4.64e-001 1.00e+000F  1
iter    objective    inf_pr   inf_du lg(mu)  ||d||  lg(rg) alpha_du alpha_pr  ls
 170 4.3670115e-001 3.27e-001 7.62e+004  -1.4 1.44e-001   4.3 9.70e-001 1.00e+000h  1
 171 4.3657235e-001 2.31e-003 1.24e+004  -2.8 1.19e-002   4.7 1.00e+000 1.00e+000h  1
 172 4.3656950e-001 1.15e-006 5.57e+001  -4.7 2.08e-004   4.2 1.00e+000 1.00e+000h  1
 173 4.3656911e-001 1.22e-010 8.59e-003  -6.5 1.60e-006   3.7 1.00e+000 1.00e+000h  1
 174 4.3656792e-001 1.04e-009 8.59e-003  -8.4 4.82e-006   3.3 1.00e+000 1.00e+000h  1
 175 4.3656438e-001 9.11e-009 8.59e-003 -10.4 1.44e-005   2.8 1.00e+000 1.00e+000h  1
 176 4.3655373e-001 8.20e-008 8.59e-003 -11.0 4.33e-005   2.3 1.00e+000 1.00e+000h  1
 177 4.3652182e-001 7.38e-007 8.59e-003 -11.0 1.30e-004   1.8 1.00e+000 1.00e+000h  1
 178 4.3642616e-001 6.64e-006 8.58e-003 -11.0 3.89e-004   1.3 1.00e+000 1.00e+000h  1
 179 4.3614001e-001 5.97e-005 8.55e-003 -11.0 1.16e-003   0.9 1.00e+000 1.00e+000h  1
iter    objective    inf_pr   inf_du lg(mu)  ||d||  lg(rg) alpha_du alpha_pr  ls
 180 4.3528890e-001 5.36e-004 8.46e-003 -11.0 3.45e-003   0.4 1.00e+000 1.00e+000h  1
 181 4.3279921e-001 4.79e-003 8.19e-003 -11.0 1.00e-002  -0.1 1.00e+000 1.00e+000h  1
 182 4.2584519e-001 4.21e-002 7.47e-003 -11.0 2.75e-002  -0.6 1.00e+000 1.00e+000h  1
 183 4.0849773e-001 3.32e-001 9.49e-003 -11.0 6.43e-002  -1.0 1.00e+000 1.00e+000h  1
 184 3.7405272e-001 2.46e+000 2.06e-001 -11.0 1.10e-001  -1.5 1.00e+000 1.00e+000h  1
 185 3.2880777e-001 5.69e+000 5.09e-002 -11.0 1.78e-001  -2.0 1.00e+000 1.00e+000h  1
 186 3.1777869e-001 5.86e-001 1.50e-002 -11.0 5.95e-002  -1.6 1.00e+000 1.00e+000h  1
 187 2.9902456e-001 2.63e+000 5.62e-002 -11.0 1.39e-001  -2.0 1.00e+000 1.00e+000h  1
 188 2.9285543e-001 3.16e-001 2.98e-002 -11.0 6.30e-002  -1.6 1.00e+000 1.00e+000h  1
 189 2.8260697e-001 9.69e-001 1.75e-002 -11.0 1.44e-001  -2.1 1.00e+000 1.00e+000h  1
iter    objective    inf_pr   inf_du lg(mu)  ||d||  lg(rg) alpha_du alpha_pr  ls
 190 2.7945132e-001 8.37e-002 2.13e-003 -11.0 5.14e-002  -1.7 1.00e+000 1.00e+000h  1
 191 2.7809910e-001 8.09e-002 1.81e-003  -9.0 1.40e-001  -2.2 1.00e+000 1.70e-001h  1
 192 2.6109908e-001 1.73e+000 4.66e-002  -7.0 3.86e-001  -2.6 1.00e+000 1.00e+000h  1
 193 2.5703023e-001 7.31e-001 2.92e-002  -5.0 2.65e-001  -2.2 1.00e+000 9.10e-001h  1
 194 2.4676303e-001 1.59e+000 5.00e-002  -4.5 6.33e-001  -2.7 1.00e+000 9.38e-001h  1
 195 2.5647607e-001 3.22e+000 1.91e-001  -3.7 9.72e-001  -2.3 1.00e+000 7.75e-001h  1
 196 2.5440206e-001 2.56e+000 2.77e-001  -3.8 1.60e+001  -1.8 3.73e-001 2.37e-001H  1
 197 2.5921517e-001 1.36e+000 1.70e+001  -3.8 3.04e+000  -1.4 1.07e-003 6.56e-001h  1
 198 2.6234246e-001 6.23e-001 3.81e+000  -3.8 6.47e-001  -1.0 4.10e-001 7.56e-001H  1
 199 2.5592246e-001 2.72e-001 9.01e+000  -3.8 2.56e-001  -1.5 7.49e-001 1.00e+000f  1
iter    objective    inf_pr   inf_du lg(mu)  ||d||  lg(rg) alpha_du alpha_pr  ls
 200 2.5793271e-001 1.66e+000 5.38e+000  -2.2 9.90e-002  -0.1 8.95e-001 1.00e+000h  1
 201 2.5753201e-001 8.16e-001 2.47e+000  -2.3 5.89e-002   0.3 1.00e+000 1.00e+000h  1
 202 2.5933559e-001 2.75e-001 1.14e+000  -2.3 3.46e-002  -0.2 1.00e+000 1.00e+000h  1
 203 2.5821957e-001 3.99e-003 4.64e-002  -3.8 2.09e-002  -0.7 9.95e-001 1.00e+000h  1
 204 2.5512733e-001 4.63e-002 9.62e-003  -5.1 4.74e-002  -1.1 9.99e-001 1.00e+000h  1
 205 2.4992622e-001 2.78e-001 9.88e-003  -6.3 7.22e-002  -1.6 1.00e+000 1.00e+000h  1
 206 2.4401908e-001 7.56e-001 4.58e-002  -7.0 1.45e-001  -2.1 1.00e+000 1.00e+000h  1
 207 2.4196034e-001 2.08e-001 5.04e-002  -7.1 8.62e-002  -1.7 1.00e+000 1.00e+000h  1
 208 2.4005974e-001 9.97e-002 2.44e-002  -5.1 9.22e-002  -2.1 1.00e+000 5.19e-001h  1
 209 2.3278867e-001 7.70e-001 1.26e-002  -5.3 2.21e-001  -2.6 1.00e+000 9.29e-001h  1
iter    objective    inf_pr   inf_du lg(mu)  ||d||  lg(rg) alpha_du alpha_pr  ls
 210 2.3029625e-001 1.20e-001 3.84e-003  -5.9 8.52e-002  -2.2 1.00e+000 1.00e+000h  1
 211 2.2582066e-001 2.23e-001 3.56e-003  -4.9 2.08e-001  -2.7 1.00e+000 7.39e-001h  1
 212 2.2351042e-001 7.78e-002 2.22e-003  -6.3 7.87e-002  -2.2 9.98e-001 1.00e+000h  1
 213 2.1786943e-001 3.41e-001 3.87e-003  -5.7 2.16e-001  -2.7 1.00e+000 9.90e-001h  1
 214 2.1215256e-001 2.64e+000 2.44e-002  -4.3 1.05e+000  -3.2 1.00e+000 9.37e-001h  1
 215 2.0726801e-001 3.85e-001 1.45e-002  -5.0 2.30e-001  -2.8 9.96e-001 1.00e+000h  1
 216 1.9885538e-001 4.43e-001 1.62e-002  -4.5 6.57e-001  -3.2 1.00e+000 1.00e+000h  1
 217 1.9843632e-001 2.89e-001 3.37e-002  -5.1 8.74e-002  -1.9 9.96e-001 1.00e+000h  1
 218 1.9671234e-001 9.38e-002 1.90e-002  -5.2 8.78e-002  -2.4 1.00e+000 1.00e+000h  1
 219 1.9258370e-001 2.10e-001 6.68e-003  -5.5 2.49e-001  -2.9 1.00e+000 9.98e-001h  1
iter    objective    inf_pr   inf_du lg(mu)  ||d||  lg(rg) alpha_du alpha_pr  ls
 220 1.8549829e-001 4.97e-001 7.86e-003  -4.8 6.98e-001  -3.3 1.00e+000 9.57e-001h  1
 221 1.7290461e-001 7.22e+000 5.46e-002  -4.9 1.66e+000  -3.8 7.58e-001 8.13e-001h  1
 222 1.6624075e-001 1.13e+000 9.29e-002  -5.4 5.52e-001  -3.4 1.00e+000 1.00e+000h  1
 223 1.5495027e-001 4.99e+000 5.60e-002  -5.1 1.37e+000  -3.9 1.00e+000 1.00e+000h  1
 224 1.8356746e-001 1.42e+002 6.73e-001  -3.4 3.70e+001  -4.3 5.22e-002 1.46e-001f  1
 225 1.8233853e-001 1.55e+001 4.17e-001  -4.6 1.34e+000  -3.0 8.87e-001 1.00e+000h  1
 226 1.7993058e-001 2.07e+000 3.03e-001  -4.6 8.20e-001  -2.6 1.00e+000 1.00e+000h  1
 227 1.8099783e-001 7.97e-001 1.35e+000  -4.6 3.35e-001  -1.3 1.00e+000 1.00e+000h  1
 228 1.7812890e-001 2.44e+000 1.04e+000  -4.9 4.99e-001  -1.7 1.00e+000 1.00e+000H  1
 229 1.7751302e-001 1.38e-001 2.15e-001  -5.6 1.48e-001  -1.3 1.00e+000 1.00e+000h  1
iter    objective    inf_pr   inf_du lg(mu)  ||d||  lg(rg) alpha_du alpha_pr  ls
 230 1.7695449e-001 3.51e-002 6.30e-002  -6.7 4.36e-002  -1.8 1.00e+000 1.00e+000h  1
 231 1.7597505e-001 9.22e-002 1.75e-003  -7.9 5.35e-002  -2.3 1.00e+000 1.00e+000h  1
 232 1.7388224e-001 2.79e-001 4.24e-003  -9.1 1.39e-001  -2.7 1.00e+000 1.00e+000h  1
 233 1.7357470e-001 2.63e-001 3.98e-003  -7.1 3.17e-001  -3.2 1.00e+000 6.95e-002h  1
 234 1.7146160e-001 2.69e-001 5.33e-003  -5.1 7.53e-001  -3.7 1.00e+000 2.29e-001h  1
 235 1.6267554e-001 5.24e+000 5.41e-002  -4.5 2.12e+000  -4.2 1.00e+000 8.03e-001h  1
 236 1.5904803e-001 8.64e-001 2.49e-002  -4.6 7.33e-001  -3.8 1.00e+000 1.00e+000h  1
 237 1.5109960e-001 7.86e+000 2.45e-001  -4.8 3.03e+000  -4.2 9.98e-001 1.00e+000h  1
 238 1.5142819e-001 1.58e+000 2.26e-002  -4.4 1.17e+000  -3.8 1.00e+000 1.00e+000h  1
 239 1.7374068e-001 5.73e+000 4.76e-002  -3.8 4.60e+000  -4.3 1.00e+000 5.50e-001h  1
iter    objective    inf_pr   inf_du lg(mu)  ||d||  lg(rg) alpha_du alpha_pr  ls
 240 1.8106353e-001 5.24e+000 4.03e-002  -3.9 1.06e+001  -4.8 1.29e-001 1.80e-001h  1
 241 2.0246789e-001 4.69e+000 3.00e-002  -3.9 2.93e+000  -4.3 6.92e-001 1.00e+000h  1
 242 2.0808342e-001 4.11e+001 5.56e-001  -3.9 2.59e+001  -4.8 7.39e-002 1.90e-001h  1
 243 2.0934163e-001 3.81e+001 4.78e-001  -3.9 1.65e+001  -4.4 1.39e-001 1.20e-001h  1
 244 2.1973407e-001 1.01e+001 1.58e-001  -3.9 2.46e+000  -4.0 1.00e+000 1.00e+000h  1
 245 2.3291665e-001 2.44e+001 1.44e-001  -3.9 3.35e+001    -  1.95e-001 1.26e-001h  1
 246 2.5389050e-001 1.84e+000 5.49e-002  -3.9 1.35e+000  -4.4 3.21e-001 1.00e+000h  1
 247 2.9274756e-001 1.06e+002 2.67e-001  -3.9 3.01e+001    -  3.52e-001 3.77e-001h  2
 248 3.5185488e-001 7.57e+000 2.69e-002  -3.9 4.53e+000    -  1.00e+000 1.00e+000h  1
 249 3.5535204e-001 9.11e-001 5.48e-003  -3.9 1.43e+000    -  1.00e+000 1.00e+000h  1
iter    objective    inf_pr   inf_du lg(mu)  ||d||  lg(rg) alpha_du alpha_pr  ls
 250 3.5526144e-001 8.53e-003 3.67e-003  -3.9 1.32e+000    -  1.00e+000 1.00e+000h  1
 251 3.5522863e-001 7.10e-004 2.25e-004  -3.9 6.32e-001    -  1.00e+000 1.00e+000h  1
 252 2.8605340e-001 1.93e+001 9.28e-002  -4.2 1.14e+001    -  9.51e-001 6.21e-001f  1
 253 2.6975499e-001 1.70e+001 7.53e-002  -4.3 1.60e+001    -  2.67e-001 2.01e-001h  1
 254 2.4220902e-001 1.51e+001 4.07e-002  -4.3 9.40e+000    -  4.19e-001 4.38e-001h  1
 255 2.2847994e-001 4.88e-001 9.66e-002  -4.3 2.10e+000  -4.9 8.35e-002 1.00e+000h  1
 256 2.2782889e-001 4.78e-001 9.45e-002  -4.3 2.09e+002    -  2.73e-002 1.19e-002h  2
 257 2.0664813e-001 9.80e-001 1.93e-002  -4.3 3.10e+000    -  1.00e+000 1.00e+000h  1
 258 2.0570309e-001 1.11e+000 1.40e-002  -4.3 5.00e+000    -  5.45e-001 3.77e-001h  1
 259 2.0586440e-001 2.43e-001 1.99e-003  -4.3 1.07e+000  -4.5 1.00e+000 1.00e+000h  1
iter    objective    inf_pr   inf_du lg(mu)  ||d||  lg(rg) alpha_du alpha_pr  ls
 260 2.0587690e-001 1.10e-001 8.55e-004  -4.3 1.12e+000    -  1.00e+000 1.00e+000h  1
 261 2.0604146e-001 3.64e-002 7.85e-004  -4.3 1.08e+000    -  1.00e+000 1.00e+000H  1
 262 1.6575854e-001 7.07e+000 1.81e-002  -4.5 2.92e+000    -  9.86e-001 1.00e+000h  1
 263 1.5222615e-001 2.96e+000 7.36e-003  -4.6 4.15e+000    -  9.54e-001 6.29e-001h  1
 264 1.4871190e-001 1.07e-001 8.92e-004  -4.6 6.35e-001  -5.0 1.00e+000 1.00e+000h  1
 265 1.3813255e-001 1.32e+000 3.11e-003  -4.6 1.71e+000  -5.4 1.00e+000 9.85e-001h  1
 266 1.2523248e-001 1.04e+000 2.71e-003  -4.7 5.84e+000    -  9.84e-001 1.00e+000h  1
 267 1.0204083e-001 8.40e+000 1.23e-002  -5.0 4.53e+000    -  1.00e+000 1.00e+000h  1
 268 1.2635265e-001 1.41e+001 1.17e-002  -4.7 4.47e+000    -  1.00e+000 1.00e+000h  1
 269 1.1298563e-001 7.57e+000 4.17e-003  -4.8 3.13e+000    -  1.00e+000 1.00e+000h  1
iter    objective    inf_pr   inf_du lg(mu)  ||d||  lg(rg) alpha_du alpha_pr  ls
 270 1.0914738e-001 4.86e-001 2.71e-003  -4.9 7.58e-001  -5.0 1.00e+000 1.00e+000h  1
 271 9.2116012e-002 4.17e+000 9.44e-003  -5.1 3.83e+000    -  1.00e+000 9.99e-001h  1
 272 8.4734152e-002 4.47e+000 6.14e-003  -5.2 3.29e+000    -  1.00e+000 1.00e+000h  1
 273 7.7679947e-002 6.11e+000 9.03e-003  -5.5 3.47e+000    -  1.00e+000 1.00e+000h  1
 274 7.4521189e-002 5.32e+000 1.17e-002  -5.6 3.64e+000    -  1.00e+000 1.00e+000h  1
 275 7.1834856e-002 9.35e-001 1.77e-003  -5.9 9.98e-001  -5.5 1.00e+000 1.00e+000h  1
 276 9.0300744e-002 2.11e+001 3.73e-002  -5.2 6.73e+000  -6.0 1.71e-001 1.00e+000h  1
 277 8.6403219e-002 1.54e+001 2.73e-002  -5.7 3.05e+000  -5.5 1.82e-001 3.11e-001h  1
 278 8.1054420e-002 4.72e+000 7.98e-003  -5.7 1.19e+000  -5.1 8.27e-001 8.70e-001h  1
 279 7.5386403e-002 2.66e+000 4.44e-003  -5.7 1.91e+000  -5.6 1.00e+000 1.00e+000h  1
iter    objective    inf_pr   inf_du lg(mu)  ||d||  lg(rg) alpha_du alpha_pr  ls
 280 7.4752471e-002 2.35e+000 3.86e-003  -5.7 2.32e+001    -  3.00e-001 1.84e-001h  1
 281 7.3984293e-002 2.13e+000 6.66e-003  -5.7 1.33e+001    -  9.12e-001 3.34e-001h  1
 282 7.2508101e-002 3.42e+000 1.14e-002  -5.7 1.36e+001    -  1.00e+000 1.00e+000H  1
 283 7.2541630e-002 2.69e+000 1.62e-002  -5.7 7.60e+000    -  9.52e-001 9.46e-001H  1
 284 6.9752299e-002 1.53e+000 4.77e-003  -6.0 1.60e+000  -6.1 1.00e+000 1.00e+000h  1
 285 7.6676849e-002 3.99e+000 5.93e-003  -5.5 3.68e+000  -6.5 5.15e-001 1.00e+000h  1
 286 7.2424913e-002 1.94e+000 6.03e-003  -5.7 1.84e+000  -6.1 1.00e+000 1.00e+000h  1
 287 7.1164998e-002 1.34e+001 2.92e-004  -5.7 4.17e+000  -6.6 1.00e+000 1.00e+000H  1
 288 7.1335277e-002 5.21e+000 6.87e-003  -5.7 4.24e+000    -  6.11e-001 3.58e-001h  2
 289 7.1035609e-002 1.69e+001 1.26e-002  -5.7 6.30e+000    -  1.00e+000 9.60e-001H  1
iter    objective    inf_pr   inf_du lg(mu)  ||d||  lg(rg) alpha_du alpha_pr  ls
 290 7.1428626e-002 7.63e+000 2.26e-002  -5.7 5.28e+000    -  3.66e-001 5.22e-001h  1
 291 7.1417413e-002 4.02e+000 1.41e-002  -5.7 4.21e+000    -  1.80e-001 3.67e-001H  1
 292 7.1173868e-002 7.46e+000 2.54e-003  -5.7 5.35e+000    -  1.00e+000 1.00e+000H  1
 293 7.1303656e-002 2.44e+000 3.54e-003  -5.7 1.88e+000    -  1.00e+000 5.00e-001h  2
 294 6.9280566e-002 3.01e+000 5.77e-003  -6.0 1.77e+000    -  1.00e+000 1.00e+000h  1
 295 6.7746909e-002 3.43e-001 6.41e-004  -6.2 1.38e+000    -  1.00e+000 1.00e+000h  1
 296 6.7212040e-002 4.20e-002 9.63e-005  -6.4 9.17e-001    -  1.00e+000 1.00e+000h  1
 297 6.6742764e-002 9.57e-002 2.01e-004  -6.7 7.95e-001    -  1.00e+000 1.00e+000h  1
 298 6.6601704e-002 1.78e-002 6.35e-005  -6.8 6.45e-001    -  1.00e+000 1.00e+000h  1
 299 6.6490117e-002 1.36e-002 2.87e-005  -7.0 5.87e-001    -  1.00e+000 9.97e-001h  1
iter    objective    inf_pr   inf_du lg(mu)  ||d||  lg(rg) alpha_du alpha_pr  ls
 300 6.6458716e-002 3.64e-003 7.99e-006  -7.1 3.18e-001    -  1.00e+000 1.00e+000h  1
 301 6.6377990e-002 1.76e-002 3.49e-005  -7.4 6.83e-001    -  1.00e+000 1.00e+000h  1
 302 6.6365265e-002 3.25e-003 6.69e-006  -7.6 3.76e-001  -7.1 1.00e+000 1.00e+000h  1
 303 6.6398017e-002 6.77e-003 7.17e-005  -7.3 5.40e-001    -  5.27e-001 1.00e+000h  1
 304 6.6390140e-002 5.41e-003 6.54e-005  -7.5 1.32e+000    -  5.95e-001 2.88e-001h  1
 305 6.6371152e-002 2.97e-003 5.64e-006  -7.5 3.74e-001    -  1.00e+000 1.00e+000f  1
 306 6.6357243e-002 1.87e-003 3.46e-006  -7.6 2.86e-001    -  1.00e+000 1.00e+000h  1
 307 6.6340115e-002 4.04e-003 7.39e-006  -8.0 4.77e-001    -  1.00e+000 1.00e+000h  1
 308 6.6337213e-002 1.11e-003 2.74e-006  -8.2 2.78e-001    -  1.00e+000 1.00e+000h  1
 309 6.6335937e-002 6.68e-005 1.24e-007  -8.3 5.96e-002    -  1.00e+000 1.00e+000h  1

Number of Iterations....: 309

                                   (scaled)                 (unscaled)
Objective...............:  6.6335937073715351e-002   6.6335937073715351e-002
Dual infeasibility......:  1.2448904339090279e-007   1.2448904339090279e-007
Constraint violation....:  9.5026526414411929e-007   6.6817793708651152e-005
Complementarity.........:  5.5652539014065946e-009   5.5652539014065946e-009
Overall NLP error.......:  9.5026526414411929e-007   6.6817793708651152e-005


Number of objective function evaluations             = 331
Number of objective gradient evaluations             = 310
Number of equality constraint evaluations            = 331
Number of inequality constraint evaluations          = 331
Number of equality constraint Jacobian evaluations   = 310
Number of inequality constraint Jacobian evaluations = 310
Number of Lagrangian Hessian evaluations             = 309
Total CPU secs in IPOPT (w/o function evaluations)   =    102.779
Total CPU secs in NLP function evaluations           =     23.797

EXIT: Optimal Solution Found.
               t_proc [s]   t_wall [s]    n_eval
       nlp_f        0.107        0.112       331
       nlp_g         0.68        0.668       331
  nlp_grad_f        0.266        0.261       311
  nlp_hess_l         15.2         15.2       309
   nlp_jac_g         7.51          7.5       311
      solver          127          127         1
