This is Ipopt version 3.12.3, running with linear solver ma97.

Number of nonzeros in equality constraint Jacobian...:    81928
Number of nonzeros in inequality constraint Jacobian.:     3600
Number of nonzeros in Lagrangian Hessian.............:    50323

Total number of variables............................:    13807
                     variables with only lower bounds:        0
                variables with lower and upper bounds:    13807
                     variables with only upper bounds:        0
Total number of equality constraints.................:    12857
Total number of inequality constraints...............:     1800
        inequality constraints with only lower bounds:      900
   inequality constraints with lower and upper bounds:        0
        inequality constraints with only upper bounds:      900

iter    objective    inf_pr   inf_du lg(mu)  ||d||  lg(rg) alpha_du alpha_pr  ls
   0 2.0631579e-002 4.32e+002 7.17e-001   0.0 0.00e+000    -  0.00e+000 0.00e+000   0
   1 2.0547485e-002 4.31e+002 5.90e+003  -5.6 1.34e+002    -  2.96e-003 2.74e-003h  1
   2 2.0543204e-002 4.31e+002 1.48e+005   1.1 3.23e+001   2.0 1.00e+000 1.13e-004h  1
   3 2.1156671e-002 4.31e+002 3.09e+006  -4.9 2.02e+003    -  1.38e-003 6.55e-005h  1
   4 5.0314584e-001 4.52e+002 2.47e+007   3.1 4.03e+002   2.4 4.57e-003 2.40e-003f  1
   5 8.9900543e-001 1.04e+003 1.51e+008  -4.7 2.91e+001   4.7 1.00e-002 2.96e-002h  1
   6 8.7062232e-001 1.03e+003 1.50e+008   3.3 3.03e+001   4.2 6.58e-003 5.51e-003h  1
   7 8.6984312e-001 1.03e+003 1.50e+008   1.7 3.49e+001   3.7 8.65e-003 1.20e-004h  1
   8 8.5509856e-001 1.03e+003 1.50e+008   3.4 2.10e+002   3.2 2.58e-003 1.92e-003h  1
   9 8.0015395e-001 1.02e+003 1.49e+008   3.4 2.58e+001   3.7 1.30e-003 5.41e-003f  1
iter    objective    inf_pr   inf_du lg(mu)  ||d||  lg(rg) alpha_du alpha_pr  ls
  10 7.9415132e-001 1.02e+003 1.49e+008   2.7 1.03e+002   3.2 4.29e-003 3.85e-004h  1
  11 7.9144228e-001 1.02e+003 1.49e+008   1.8 5.24e+001   3.6 1.79e-002 1.12e-003h  1
  12 8.0039078e-001 1.02e+003 1.48e+008   2.2 2.66e+002   3.1 6.53e-003 1.48e-003f  1
  13 7.9394437e-001 1.01e+003 1.47e+008  -4.4 3.81e+001   3.6 9.62e-004 8.06e-003h  1
  14 7.6164537e-001 1.01e+003 1.47e+008   3.4 1.09e+002   4.0 1.92e-002 4.52e-003f  1
  15 7.2767286e-001 1.01e+003 1.46e+008   3.4 1.47e+002   3.5 7.33e-005 1.17e-003f  1
  16 7.2627170e-001 1.01e+003 1.46e+008  -4.0 3.60e+001   3.9 2.24e-003 4.03e-004h  1
  17 7.0503879e-001 9.99e+002 1.45e+008   3.4 3.91e+001   4.4 5.68e-004 7.40e-003h  1
  18 5.7665591e-001 9.93e+002 1.45e+008   3.4 9.58e+001   3.9 1.46e-003 5.62e-003f  1
  19 5.7601803e-001 9.92e+002 1.45e+008   3.4 4.07e+001   4.3 1.03e-002 2.50e-004h  1
iter    objective    inf_pr   inf_du lg(mu)  ||d||  lg(rg) alpha_du alpha_pr  ls
  20 5.7370573e-001 9.91e+002 1.44e+008   3.4 3.09e+001   3.8 6.74e-003 1.51e-003h  1
  21 5.8211793e-001 9.83e+002 1.43e+008   3.4 3.21e+001   4.2 1.40e-003 8.02e-003h  1
  22 5.6415006e-001 9.75e+002 1.42e+008   3.2 1.04e+002   3.8 9.88e-004 5.66e-003f  1
  23 5.7398226e-001 9.68e+002 1.40e+008   3.4 3.31e+001   4.2 1.26e-003 6.91e-003h  1
  24 5.7435362e-001 9.68e+002 1.40e+008   3.4 2.61e+001   4.6 4.72e-003 1.34e-004h  1
  25 5.7828221e-001 9.66e+002 1.40e+008   3.4 3.27e+001   4.1 1.05e-002 1.90e-003h  1
  26 5.8443398e-001 9.64e+002 1.40e+008   3.4 3.31e+001   4.6 2.62e-002 2.11e-003h  1
  27 6.6848580e-001 9.40e+002 1.50e+008   3.4 3.61e+001   4.1 8.83e-004 2.39e-002h  1
  28 6.7485994e-001 9.39e+002 1.50e+008  -3.6 2.77e+001   4.5 1.39e-002 1.66e-003h  1
  29 7.2919212e-001 8.42e+002 2.62e+008   3.4 2.95e+001   4.0 3.25e-004 2.14e-002f  1
iter    objective    inf_pr   inf_du lg(mu)  ||d||  lg(rg) alpha_du alpha_pr  ls
  30 7.3327470e-001 8.39e+002 2.61e+008  -3.6 2.29e+001   4.5 5.07e-002 4.33e-003h  1
  31 7.4379022e-001 8.23e+002 2.58e+008   3.4 2.17e+001   4.9 1.06e-001 1.47e-002h  1
  32 8.1439179e-001 8.07e+002 2.53e+008   3.4 3.02e+001   4.4 4.51e-002 1.65e-002h  1
  33 8.1691449e-001 8.05e+002 2.52e+008   3.4 1.62e+001   4.8 6.12e-002 3.14e-003h  1
  34 8.3601988e-001 7.95e+002 2.50e+008   3.4 1.53e+002   4.4 1.94e-002 9.41e-003h  1
  35 8.6755379e-001 7.82e+002 2.41e+008   3.4 1.86e+001   5.7 4.11e-002 1.41e-002h  1
  36 9.0182525e-001 7.67e+002 3.92e+008   3.4 1.48e+001   6.1 1.07e-001 1.59e-002h  1
  37 9.2047339e-001 7.59e+002 7.43e+008   3.4 1.38e+001   6.5 3.66e-002 9.32e-003h  1
  38 9.2107616e-001 7.59e+002 6.50e+008   3.4 2.51e+001   6.1 3.61e-002 4.91e-004h  1
  39 9.5017653e-001 7.46e+002 9.49e+008   3.4 1.32e+001   6.5 5.70e-002 1.49e-002h  1
iter    objective    inf_pr   inf_du lg(mu)  ||d||  lg(rg) alpha_du alpha_pr  ls
  40 9.5211132e-001 7.45e+002 1.21e+009   3.4 1.11e+001   6.9 1.27e-002 1.02e-003h  1
  41 9.8623916e-001 7.32e+002 1.15e+009   3.4 2.37e+001   6.4 4.66e-004 1.50e-002h  1
  42 1.0026029e+000 7.26e+002 1.94e+009   3.4 1.16e+001   6.9 7.49e-002 7.88e-003h  1
  43 1.0236577e+000 7.18e+002 1.92e+009   3.4 1.09e+001   7.3 8.73e-003 9.22e-003h  1
  44 1.0290199e+000 7.17e+002 4.94e+009   3.4 1.09e+001   7.7 4.24e-002 2.08e-003h  1
  45 1.0294314e+000 7.17e+002 4.40e+009   3.4 9.30e+001   7.2 4.33e-003 3.55e-004h  1
  46 1.0294706e+000 7.17e+002 5.52e+009   3.4 5.18e+001   7.7 9.74e-003 1.67e-005h  1
  47 1.0390168e+000 7.14e+002 5.60e+009   3.4 1.06e+001   8.1 2.57e-003 3.34e-003h  1
  48 1.0392694e+000 7.14e+002 7.35e+009   3.4 7.22e+001   7.6 2.68e-003 9.07e-005h  1
  49 1.0394441e+000 7.14e+002 7.17e+009  -2.8 1.05e+001   8.0 1.19e-003 5.85e-005h  1
iter    objective    inf_pr   inf_du lg(mu)  ||d||  lg(rg) alpha_du alpha_pr  ls
  50 1.0559724e+000 7.10e+002 6.07e+009   3.4 3.60e+001   7.6 2.33e-004 5.25e-003f  1
  51 1.0566332e+000 7.10e+002 5.52e+010   3.4 1.07e+001   8.9 3.32e-002 2.23e-004h  1
  52 1.0596551e+000 7.09e+002 5.49e+010   3.4 1.04e+001   8.4 3.75e-004 1.04e-003h  1
  53 1.0641829e+000 7.08e+002 5.51e+010   3.4 1.10e+001   7.9 5.24e-003 1.60e-003h  1
  54 1.1097567e+000 6.95e+002 5.43e+010   3.4 1.18e+001   7.5 1.39e-002 1.58e-002h  1
  55 1.1127336e+000 6.95e+002 5.52e+010   3.4 1.17e+001   7.9 2.33e-002 9.81e-004h  1
  56 1.1484540e+000 6.91e+002 5.48e+010   3.4 6.53e+001   7.4 3.40e-003 5.78e-003h  1
  57 1.1509600e+000 6.90e+002 9.55e+010   3.4 1.08e+001   8.7 5.75e-002 7.98e-004h  1
  58 1.1514676e+000 6.90e+002 1.09e+011   3.4 1.09e+001   9.2 9.68e-003 1.85e-004h  1
  59 1.1783714e+000 6.82e+002 1.24e+011   3.4 1.13e+001   8.7 6.20e-002 9.90e-003h  1
iter    objective    inf_pr   inf_du lg(mu)  ||d||  lg(rg) alpha_du alpha_pr  ls
  60 1.1782383e+000 6.82e+002 1.19e+011   3.4 5.62e+001   8.2 1.22e-002 3.15e-004h  1
  61 1.2196630e+000 6.58e+002 1.19e+011   3.4 1.56e+001   7.7 8.55e-003 2.90e-002h  1
  62 1.2202413e+000 6.58e+002 2.23e+011   3.4 1.08e+001   9.1 1.27e-001 1.74e-004h  1
  63 1.2228202e+000 6.58e+002 2.70e+011   3.4 1.08e+001   9.5 1.91e-002 7.75e-004h  1
  64 1.2827854e+000 6.44e+002 2.57e+011   3.4 1.10e+001   9.0 8.05e-005 1.77e-002h  1
  65 1.2840217e+000 6.44e+002 2.96e+011   3.4 1.71e+001   9.4 3.56e-002 3.31e-004h  1
  66 1.2860453e+000 6.44e+002 2.95e+011   3.4 1.12e+001   9.9 4.05e-004 5.59e-004h  1
  67 1.2889989e+000 6.43e+002 3.48e+011   3.4 2.13e+001   9.4 5.79e-002 7.95e-004h  1
  68 1.3149414e+000 6.38e+002 3.16e+011   3.4 1.13e+001   9.8 3.44e-005 7.10e-003h  1
  69 1.3194113e+000 6.37e+002 4.05e+011   3.4 1.17e+001   9.3 7.48e-002 1.24e-003h  1
iter    objective    inf_pr   inf_du lg(mu)  ||d||  lg(rg) alpha_du alpha_pr  ls
  70 1.3292178e+000 6.36e+002 4.18e+011  -2.0 1.26e+001   9.8 7.80e-003 2.42e-003h  1
  71 1.3376114e+000 6.35e+002 4.05e+011   3.4 1.29e+001  10.2 2.02e-005 2.04e-003h  1
  72 1.3537572e+000 6.32e+002 3.97e+011   3.4 5.58e+001   9.7 1.70e-004 3.42e-003h  1
  73 1.3552307e+000 6.32e+002 3.93e+011  -2.0 1.26e+001  11.0 2.75e-004 3.57e-004h  1
  74 1.3580341e+000 6.32e+002 3.83e+011   3.4 1.26e+001  10.6 7.95e-006 6.87e-004h  1
  75r1.3580341e+000 6.32e+002 1.00e+003   3.4 0.00e+000  11.0 0.00e+000 2.96e-007R  6
  76r1.3852232e+000 5.50e+002 9.29e+003  -2.8 4.82e+000    -  6.02e-001 7.14e-001f  1
  77r1.3673013e+000 3.19e+002 2.90e+006   1.0 6.82e-002   6.0 9.11e-001 9.56e-001f  1
  78 1.3642052e+000 3.17e+002 7.92e+010   1.0 1.39e+001  10.5 1.72e-001 5.18e-003f  1
  79 1.3641644e+000 3.17e+002 7.92e+010   2.6 1.40e+001  10.0 1.39e-002 5.43e-005h  1
iter    objective    inf_pr   inf_du lg(mu)  ||d||  lg(rg) alpha_du alpha_pr  ls
  80r1.3641644e+000 3.17e+002 1.00e+003   2.9 0.00e+000  10.5 0.00e+000 2.79e-007R  2
  81r1.1938551e+000 5.88e+002 5.37e+002   0.9 8.33e+000    -  6.27e-001 4.02e-001f  1
  82 1.1998296e+000 5.85e+002 2.96e+009   0.8 8.62e+000  10.0 6.76e-001 3.70e-003h  1
  83 1.1998909e+000 5.85e+002 2.96e+009   2.7 8.63e+000   9.5 4.67e-002 3.61e-005h  1
  84 1.2008221e+000 5.85e+002 4.02e+009   3.0 8.65e+000   9.0 1.00e+000 5.48e-004h  1
  85 1.2064360e+000 5.83e+002 4.03e+009   3.4 8.65e+000   9.5 7.85e-003 3.35e-003h  1
  86 1.2105987e+000 5.82e+002 4.02e+009   3.4 8.68e+000   9.0 1.54e-002 2.26e-003h  1
  87 1.2109633e+000 5.82e+002 4.28e+009   3.4 8.23e+000   9.4 4.73e-002 2.07e-004h  1
  88 1.2259351e+000 5.77e+002 4.74e+009   3.4 8.27e+000   8.9 1.21e-002 7.74e-003h  1
  89 1.2267074e+000 5.77e+002 5.36e+009   3.4 8.23e+000   9.4 5.15e-002 4.10e-004h  1
iter    objective    inf_pr   inf_du lg(mu)  ||d||  lg(rg) alpha_du alpha_pr  ls
  90 1.2438242e+000 5.72e+002 5.62e+009   3.4 8.56e+000   8.9 3.72e-002 7.58e-003h  1
  91 1.2440347e+000 5.72e+002 5.88e+009   3.4 3.25e+001   9.3 6.73e-003 8.35e-005h  1
  92 1.2459516e+000 5.72e+002 5.78e+009   3.4 8.84e+000   9.7 3.44e-005 8.57e-004h  1
  93 1.2468343e+000 5.71e+002 5.66e+009   3.4 8.68e+000  10.2 7.84e-005 4.10e-004h  1
  94 1.2529501e+000 5.70e+002 6.68e+010   3.4 8.67e+000   9.7 1.40e-001 2.74e-003h  1
  95 1.2608413e+000 5.68e+002 6.77e+010   3.4 8.92e+000  10.1 4.61e-003 3.54e-003h  1
  96 1.2624893e+000 5.68e+002 7.04e+010   3.4 3.87e+001   9.6 1.62e-002 5.72e-004h  1
  97 1.2758313e+000 5.64e+002 6.69e+010   3.4 9.10e+000  10.1 1.32e-004 5.41e-003h  1
  98 1.2765133e+000 5.64e+002 6.69e+010   3.4 3.63e+001   9.6 2.58e-004 2.62e-004h  1
  99 1.2766609e+000 5.64e+002 6.80e+010   3.4 9.63e+000  10.0 1.29e-003 7.19e-005h  1
iter    objective    inf_pr   inf_du lg(mu)  ||d||  lg(rg) alpha_du alpha_pr  ls
 100 1.2875354e+000 5.62e+002 6.75e+010   3.4 1.91e+001   9.5 3.93e-003 4.73e-003h  1
 101 1.2954963e+000 5.61e+002 6.74e+010   3.4 6.83e+001   9.1 7.12e-004 1.48e-003h  1
 102 1.2962786e+000 5.60e+002 6.95e+010   3.4 9.31e+000   9.5 1.13e-002 3.47e-004h  1
 103 1.3020892e+000 5.60e+002 6.94e+010   3.4 1.06e+003   9.0 1.23e-004 1.08e-004h  1
 104 1.3076553e+000 5.59e+002 7.63e+010   3.4 9.45e+000   9.4 5.12e-002 2.46e-003h  1
 105 1.3245534e+000 5.55e+002 7.20e+010   3.4 9.17e+000   9.9 2.40e-005 7.50e-003h  1
 106 1.3249366e+000 5.55e+002 7.27e+010   3.4 1.36e+001   9.4 6.29e-003 1.58e-004h  1
 107 1.3251686e+000 5.55e+002 7.36e+010   3.4 1.01e+001   9.8 1.37e-003 1.02e-004h  1
 108 1.3294584e+000 5.54e+002 7.41e+010   3.4 1.64e+001   9.3 6.04e-003 1.68e-003h  1
 109 1.3341997e+000 5.52e+002 7.68e+010   3.4 1.02e+001   9.8 1.47e-005 2.06e-003h  1
iter    objective    inf_pr   inf_du lg(mu)  ||d||  lg(rg) alpha_du alpha_pr  ls
 110 1.3353965e+000 5.52e+002 7.67e+010   3.4 5.64e+001   9.3 7.00e-003 4.09e-004h  1
 111 1.3470326e+000 5.49e+002 1.00e+011   3.4 1.05e+001   9.7 2.89e-004 5.22e-003h  1
 112 1.3560432e+000 5.47e+002 1.31e+011   3.4 1.04e+001  10.1 1.16e-002 3.99e-003h  1
 113 1.3572808e+000 5.47e+002 1.31e+011   3.4 1.08e+001   9.6 2.96e-004 5.21e-004h  1
 114r1.3572808e+000 5.47e+002 1.00e+003   3.4 0.00e+000  10.1 0.00e+000 4.89e-007R  5
 115r1.3305139e+000 1.59e+002 4.16e+002   1.1 3.95e+000    -  8.43e-001 7.92e-001f  1
 116 1.3360406e+000 1.58e+002 9.87e+008   0.3 1.03e+001   9.6 4.15e-003 1.82e-003h  1
 117 1.3360939e+000 1.58e+002 9.87e+008   0.3 9.75e+000   9.1 7.54e-002 1.71e-005h  1
 118r1.3360939e+000 1.58e+002 1.00e+003   0.3 0.00e+000   8.6 0.00e+000 4.58e-007R  3
 119r1.3080824e+000 1.20e+002 9.84e+002   1.2 3.53e+002    -  1.99e-002 2.42e-003f  1
iter    objective    inf_pr   inf_du lg(mu)  ||d||  lg(rg) alpha_du alpha_pr  ls
 120 9.8205723e-001 1.75e+002 5.89e+002   0.3 4.82e+001    -  2.69e-002 9.91e-002f  1
 121 9.8411319e-001 1.75e+002 2.19e+006   0.9 1.39e+001   8.2 8.95e-001 8.79e-004h  1
 122r9.8411319e-001 1.75e+002 1.00e+003   1.8 0.00e+000   7.7 0.00e+000 3.00e-007R  6
 123r9.4475432e-001 1.39e+002 7.58e+002   1.2 4.65e+001    -  4.89e-001 4.70e-002f  1
 124 1.0177510e+000 1.45e+002 3.09e+002  -0.2 2.00e+001    -  2.22e-001 2.69e-001f  1
 125 1.0321550e+000 1.45e+002 1.24e+007   0.8 6.22e+000   7.2 1.00e+000 4.37e-003h  1
 126 1.0322945e+000 1.44e+002 2.22e+007   2.7 7.78e+000   6.7 1.00e+000 3.93e-005h  1
 127 1.1083009e+000 1.42e+002 1.06e+008   3.4 8.98e+000   6.3 1.39e-001 1.89e-002h  1
 128 1.1133929e+000 1.41e+002 1.06e+008   3.4 7.33e+000   6.7 6.77e-002 1.28e-003h  1
 129 1.1435726e+000 1.40e+002 1.06e+008   3.4 1.88e+001   6.2 4.55e-002 7.98e-003h  1
iter    objective    inf_pr   inf_du lg(mu)  ||d||  lg(rg) alpha_du alpha_pr  ls
 130 1.1615107e+000 1.40e+002 1.07e+008   3.4 7.14e+000   6.6 1.20e-001 4.17e-003h  1
 131 1.2340705e+000 1.38e+002 5.73e+008   3.4 7.53e+000   7.1 3.87e-001 1.57e-002h  1
 132 1.3076641e+000 1.36e+002 5.66e+008   3.4 8.13e+000   6.6 5.47e-002 1.70e-002h  1
 133 1.3640136e+000 1.35e+002 5.55e+008   3.4 2.01e+001   6.1 2.16e-002 1.12e-002h  1
 134 1.3895893e+000 1.34e+002 5.61e+008   3.4 9.99e+000   6.5 8.80e-002 5.41e-003h  1
 135 1.5333286e+000 1.31e+002 6.25e+008   3.4 2.86e+001   6.1 9.29e-002 3.01e-002h  1
 136 1.5497524e+000 1.30e+002 7.43e+008   3.4 1.06e+001   7.4 7.69e-002 3.55e-003h  1
 137 1.6191264e+000 1.28e+002 8.20e+008   3.4 1.35e+001   6.9 1.43e-001 1.73e-002h  1
 138 1.6229138e+000 1.28e+002 8.17e+008  -2.5 2.46e+001   6.4 2.71e-002 1.17e-003h  1
 139 1.6649157e+000 1.26e+002 8.04e+008   3.4 9.44e+000   6.9 3.09e-003 1.20e-002h  1
iter    objective    inf_pr   inf_du lg(mu)  ||d||  lg(rg) alpha_du alpha_pr  ls
 140 1.6988489e+000 1.25e+002 1.54e+009   3.4 9.72e+000   7.3 2.85e-001 7.46e-003h  1
 141 1.7125443e+000 1.25e+002 1.55e+009  -2.2 1.14e+001   6.8 7.25e-002 5.10e-003h  1
 142 1.7267995e+000 1.24e+002 1.45e+009   3.4 2.05e+001   6.3 8.80e-002 6.02e-003h  1
 143 1.7970127e+000 1.21e+002 1.52e+009   3.4 1.18e+001   6.8 2.82e-001 2.41e-002h  1
 144 1.8578304e+000 1.18e+002 1.44e+009   3.4 3.44e+001   6.3 2.21e-002 2.69e-002h  1
 145 1.8734544e+000 1.18e+002 3.52e+009   3.4 1.83e+001   7.6 1.36e-001 4.64e-003h  1
 146 1.9084924e+000 1.16e+002 1.24e+010   3.4 1.41e+001   8.0 2.68e-001 1.10e-002h  1
 147 1.9972250e+000 1.10e+002 1.43e+010   3.4 1.66e+001   7.6 2.09e-001 6.38e-002h  1
 148 2.0003363e+000 1.09e+002 1.43e+010   3.4 1.80e+001   7.1 6.37e-002 2.44e-003h  1
 149 2.0195904e+000 1.07e+002 1.42e+010   2.6 1.01e+001   7.5 1.68e-001 1.38e-002h  1
iter    objective    inf_pr   inf_du lg(mu)  ||d||  lg(rg) alpha_du alpha_pr  ls
 150 2.0319714e+000 1.06e+002 1.42e+010   3.4 9.02e+000   7.9 3.30e-002 1.17e-002h  1
 151 2.0550711e+000 1.03e+002 1.46e+010   3.4 1.53e+001   7.5 9.94e-003 2.34e-002h  1
 152 2.0554744e+000 1.03e+002 1.46e+010   3.4 1.48e+001   7.9 5.48e-002 3.56e-004h  1
 153 2.0565019e+000 1.03e+002 1.45e+010   3.4 1.11e+001   8.3 7.87e-004 9.53e-004h  1
 154 2.0713017e+000 1.02e+002 1.59e+010   3.4 1.80e+001   7.8 4.20e-004 1.70e-002h  1
 155 2.0716057e+000 1.02e+002 1.59e+010   3.4 1.69e+001   8.3 2.71e-002 3.50e-004h  1
 156 2.0758218e+000 1.01e+002 1.65e+010   3.4 1.09e+001   8.7 4.00e-003 4.65e-003h  1
 157 2.0999883e+000 9.98e+001 8.23e+010   3.4 9.40e+001   8.2 7.79e-003 1.57e-002h  1
 158 2.1007014e+000 9.96e+001 8.21e+010   3.4 1.17e+001   7.7 8.20e-004 2.56e-003h  1
 159 2.1007117e+000 9.96e+001 8.21e+010   3.4 8.22e+000   8.1 2.34e-003 2.94e-005h  1
iter    objective    inf_pr   inf_du lg(mu)  ||d||  lg(rg) alpha_du alpha_pr  ls
 160 2.1035216e+000 9.85e+001 8.11e+010   3.4 1.44e+001   7.7 3.01e-002 1.08e-002h  1
 161 2.1063809e+000 9.76e+001 8.01e+010   3.4 8.84e+000   8.1 1.71e-002 9.01e-003h  1
 162 2.1118339e+000 9.58e+001 7.84e+010   3.4 1.62e+001   7.6 5.76e-002 1.80e-002h  1
 163 2.1126094e+000 9.56e+001 7.82e+010   3.4 9.48e+000   8.0 7.41e-002 2.30e-003h  1
 164 2.1383383e+000 9.02e+001 9.88e+010   3.4 1.79e+001   7.6 1.21e-001 5.80e-002h  1
 165 2.1387246e+000 9.01e+001 9.87e+010  -1.4 8.39e+000   8.0 1.20e-001 6.95e-004h  1
 166 2.1516689e+000 9.06e+001 5.10e+010   3.4 1.22e+001   7.5 3.88e-003 1.97e-002h  1
 167 2.1516958e+000 9.06e+001 5.10e+010  -1.3 7.72e+000   7.9 3.90e-002 6.00e-005h  1
 168 2.1678844e+000 8.84e+001 4.96e+010   3.4 1.15e+001   7.5 7.52e-004 2.51e-002h  1
 169 2.1687171e+000 8.82e+001 4.95e+010   3.4 8.19e+000   7.9 5.03e-005 1.50e-003h  1
iter    objective    inf_pr   inf_du lg(mu)  ||d||  lg(rg) alpha_du alpha_pr  ls
 170 2.1707956e+000 8.80e+001 4.94e+010   3.4 1.44e+001   7.4 2.45e-002 3.03e-003h  1
 171 2.1709634e+000 8.79e+001 4.94e+010   3.4 8.46e+000   7.8 5.54e-003 5.09e-004h  1
 172 2.1878487e+000 8.60e+001 8.40e+010   3.4 1.75e+001   7.4 5.98e-003 3.08e-002h  1
 173 2.1883169e+000 8.60e+001 8.39e+010   3.4 8.66e+000   7.8 1.52e-002 7.18e-004h  1
 174 2.1899447e+000 8.58e+001 8.38e+010   3.4 9.23e+001   7.3 3.27e-003 1.44e-003h  1
 175 2.2068778e+000 9.90e+001 5.29e+010   3.4 8.62e+000   7.7 7.34e-005 2.54e-002h  1
 176 2.2070168e+000 9.90e+001 5.29e+010  -1.3 6.58e+000   8.2 2.38e-002 2.32e-004h  1
 177 2.2072683e+000 9.89e+001 5.28e+010   3.4 8.02e+000   7.7 1.65e-002 5.05e-004h  1
 178 2.2121195e+000 9.80e+001 5.23e+010   3.4 6.77e+000   8.1 2.15e-002 9.10e-003h  1
 179 2.2185212e+000 9.69e+001 5.16e+010   3.4 8.89e+000   7.6 8.32e-002 1.25e-002h  1
iter    objective    inf_pr   inf_du lg(mu)  ||d||  lg(rg) alpha_du alpha_pr  ls
 180 2.2250373e+000 9.57e+001 5.09e+010   3.4 6.79e+000   8.1 2.85e-003 1.23e-002h  1
 181 2.2263814e+000 9.54e+001 5.08e+010   3.4 1.06e+001   7.6 5.07e-004 3.53e-003h  1
 182 2.2263867e+000 9.53e+001 5.08e+010   3.4 7.73e+000   8.0 5.27e-003 1.35e-004h  1
 183 2.2234286e+000 9.33e+001 4.95e+010   3.4 1.19e+001   7.5 2.79e-002 2.33e-002h  1
 184 2.2235286e+000 9.20e+001 4.88e+010   3.4 7.90e+000   8.0 3.43e-002 1.34e-002h  1
 185 2.2235593e+000 9.20e+001 5.76e+010   3.4 7.11e+000   8.4 5.21e-002 3.82e-004h  1
 186 2.2228940e+000 9.12e+001 5.60e+010   3.4 8.98e+000   7.9 3.24e-002 9.51e-003h  1
 187 2.2231270e+000 9.09e+001 5.53e+010   3.4 7.14e+000   8.3 3.62e-002 3.12e-003h  1
 188 2.2239293e+000 9.05e+001 5.34e+010   3.4 6.81e+000   8.8 5.80e-004 3.70e-003h  1
 189 2.2239187e+000 9.05e+001 4.79e+010   2.9 7.08e+000   8.3 4.78e-002 4.51e-004h  1
iter    objective    inf_pr   inf_du lg(mu)  ||d||  lg(rg) alpha_du alpha_pr  ls
 190 2.2263790e+000 8.94e+001 1.69e+011   3.4 6.67e+000   8.7 1.73e-002 2.18e-002h  1
 191 2.2274692e+000 9.13e+001 1.03e+011   3.4 1.15e+001   9.1 1.00e-002 2.54e-003h  1
 192 2.2274810e+000 9.13e+001 1.02e+011  -1.2 6.84e+000   8.7 1.95e-002 9.39e-004h  1
 193 2.2296663e+000 9.11e+001 4.69e+011   3.4 5.21e+000  10.0 7.44e-002 1.77e-003h  1
 194 2.2307815e+000 9.02e+001 5.12e+011   3.4 6.60e+000   9.5 3.36e-002 1.02e-002h  1
 195 2.2306567e+000 8.98e+001 5.02e+011  -0.5 6.91e+000   9.0 6.31e-003 1.36e-002h  1
 196 2.2307769e+000 8.98e+001 5.01e+011   3.4 1.20e+001  10.4 1.43e-004 2.10e-004h  1
 197 2.2308132e+000 8.98e+001 5.00e+011   3.4 1.14e+001   9.9 6.16e-005 2.27e-004h  1
 198 2.2308961e+000 8.98e+001 6.27e+011   3.4 1.20e+001  10.3 1.19e-002 1.59e-004h  1
 199 2.2296660e+000 9.91e+001 8.38e+011   3.4 5.47e+001   9.8 5.54e-005 8.49e-003h  1
iter    objective    inf_pr   inf_du lg(mu)  ||d||  lg(rg) alpha_du alpha_pr  ls
 200 2.2298077e+000 9.88e+001 8.35e+011   3.4 6.75e+000   9.4 1.40e-001 3.54e-003h  1
 201 2.2292678e+000 9.74e+001 8.23e+011   3.4 7.12e+000   8.9 8.26e-002 1.39e-002h  1
 202 2.2301682e+000 9.59e+001 1.03e+012   3.4 6.46e+000   9.3 2.52e-001 1.61e-002h  1
 203 2.2289972e+000 9.34e+001 9.73e+011   3.4 1.07e+001   8.8 9.87e-002 2.59e-002h  1
 204 2.2298587e+000 9.25e+001 1.14e+012   3.4 6.75e+000   9.3 2.46e-001 9.71e-003h  1
 205 2.2313151e+000 9.16e+001 1.49e+012   3.4 6.30e+000   9.7 1.17e-001 9.56e-003h  1
 206 2.2337177e+000 9.35e+001 1.45e+012   3.4 7.64e+000   9.2 1.22e-002 2.65e-002h  1
 207 2.2343009e+000 9.45e+001 1.59e+012   3.4 1.07e+001   9.6 1.16e-001 1.97e-003h  1
 208 2.2375795e+000 1.00e+002 1.57e+012   3.4 7.55e+000   9.2 2.82e-003 1.68e-002h  1
 209 2.2375884e+000 1.00e+002 2.25e+012   3.3 6.10e+000   9.6 2.96e-001 4.47e-005h  1
iter    objective    inf_pr   inf_du lg(mu)  ||d||  lg(rg) alpha_du alpha_pr  ls
 210 2.2462761e+000 9.94e+001 2.17e+012   3.4 8.76e+000   9.1 1.88e-002 4.43e-002h  1
 211 2.2468425e+000 9.92e+001 2.18e+012  -0.1 9.66e+000   9.5 2.76e-002 2.09e-003h  1
 212 2.2508860e+000 1.05e+002 2.17e+012   3.4 7.38e+000   9.1 5.04e-004 1.50e-002h  1
 213 2.2512594e+000 1.05e+002 2.16e+012   3.4 6.23e+000   9.5 2.73e-004 1.49e-003h  1
 214 2.2527999e+000 1.04e+002 2.16e+012   3.4 9.87e+000   9.0 3.05e-003 5.66e-003h  1
 215 2.2548227e+000 1.08e+002 2.14e+012   3.4 7.26e+000   9.4 6.65e-002 6.70e-003h  1
 216 2.2610019e+000 1.06e+002 2.13e+012   3.4 1.20e+001   8.9 6.77e-003 1.68e-002h  1
 217 2.2616615e+000 1.06e+002 2.13e+012   3.4 6.30e+000   9.4 6.45e-002 2.06e-003h  1
 218 2.2710672e+000 1.04e+002 2.13e+012   3.4 1.24e+001   8.9 1.25e-003 1.66e-002h  1
 219 2.2714635e+000 1.04e+002 2.13e+012   3.4 6.76e+000   9.3 2.76e-004 1.08e-003h  1
iter    objective    inf_pr   inf_du lg(mu)  ||d||  lg(rg) alpha_du alpha_pr  ls
 220 2.2720596e+000 1.05e+002 1.91e+012   3.4 1.11e+001   8.8 8.96e-002 1.09e-003h  1
 221 2.2799706e+000 1.05e+002 1.88e+012   3.4 6.42e+000   9.3 2.62e-003 2.09e-002h  1
 222 2.2802729e+000 1.05e+002 1.77e+012   3.4 1.34e+001   8.8 3.81e-002 4.66e-004h  1
 223 2.2823003e+000 1.09e+002 2.22e+012   3.4 6.79e+000   9.2 2.18e-004 6.57e-003h  1
 224 2.2834075e+000 1.09e+002 2.22e+012   3.4 1.55e+001   8.7 1.87e-005 2.62e-003h  1
 225 2.2834574e+000 1.09e+002 2.22e+012   3.4 6.27e+000   9.2 5.41e-003 1.96e-004h  1
 226 2.2886775e+000 1.08e+002 1.78e+012   3.4 4.07e+001   8.7 4.49e-006 4.09e-003h  1
 227 2.2888037e+000 1.09e+002 2.22e+012   3.4 6.40e+000   9.1 1.04e-003 4.82e-004h  1
 228 2.2919366e+000 1.08e+002 2.22e+012   3.4 7.57e+001   8.6 2.28e-003 1.13e-003h  1
 229 2.3011839e+000 1.08e+002 1.70e+012   3.4 6.57e+000   9.1 4.86e-002 2.82e-002h  1
iter    objective    inf_pr   inf_du lg(mu)  ||d||  lg(rg) alpha_du alpha_pr  ls
 230 2.3022343e+000 1.08e+002 1.83e+012   3.4 5.31e+000   9.5 2.40e-003 3.77e-003h  1
 231 2.3035371e+000 1.10e+002 2.43e+012   3.2 6.14e+000   9.0 1.76e-001 3.71e-003h  1
 232 2.3061275e+000 1.10e+002 1.70e+012   3.4 5.90e+000   9.4 1.15e-003 8.09e-003h  1
 233 2.3094406e+000 1.12e+002 2.64e+012   3.4 8.50e+000   9.0 1.61e-005 8.21e-003h  1
 234 2.3096992e+000 1.12e+002 2.64e+012   3.4 6.00e+000   9.4 1.52e-003 1.13e-003h  1
 235 2.3112710e+000 1.12e+002 1.91e+012   3.4 9.36e+000   8.9 1.97e-002 5.13e-003h  1
 236 2.3115906e+000 1.12e+002 2.67e+012   3.4 6.53e+000   9.3 1.87e-002 1.33e-003h  1
 237 2.3119723e+000 1.12e+002 2.67e+012   3.4 1.09e+001   8.9 3.01e-002 1.10e-003h  1
 238 2.3125502e+000 1.11e+002 2.66e+012   3.4 5.76e+000   9.3 2.59e-002 2.64e-003h  1
 239 2.3179129e+000 1.11e+002 1.92e+012   3.4 1.30e+001   8.8 8.86e-003 1.57e-002h  1
iter    objective    inf_pr   inf_du lg(mu)  ||d||  lg(rg) alpha_du alpha_pr  ls
 240 2.3205675e+000 1.15e+002 1.78e+012   3.4 5.34e+000   9.2 1.09e-004 9.90e-003h  1
 241 2.3226736e+000 1.16e+002 3.05e+012   3.4 1.59e+001   8.8 1.55e-003 5.77e-003h  1
 242 2.3227115e+000 1.16e+002 3.05e+012   3.4 6.10e+000   9.2 9.70e-002 5.14e-004h  1
 243 2.3243212e+000 1.15e+002 3.02e+012   3.4 1.81e+001   8.7 7.73e-003 1.12e-002h  1
 244 2.3254551e+000 1.13e+002 1.84e+012   3.4 6.31e+000   9.1 8.73e-002 2.01e-002h  1
 245 2.3254601e+000 1.13e+002 1.84e+012   3.4 2.23e+001   8.7 1.17e-002 5.48e-005h  1
 246 2.3258369e+000 1.16e+002 2.00e+012   3.4 6.94e+000   9.1 5.25e-002 7.77e-003h  1
 247 2.3256670e+000 1.16e+002 2.00e+012   3.4 3.47e+001   8.6 1.95e-002 3.18e-004h  1
 248 2.3259837e+000 1.20e+002 3.53e+012  -0.3 6.30e+000   9.0 2.76e-002 1.76e-002h  1
 249 2.3260059e+000 1.20e+002 3.53e+012   3.4 4.79e+000  10.4 1.48e-003 8.41e-005h  1
iter    objective    inf_pr   inf_du lg(mu)  ||d||  lg(rg) alpha_du alpha_pr  ls
 250 2.3262237e+000 1.20e+002 3.53e+012   3.4 4.77e+000  10.8 5.95e-006 5.24e-004h  1
 251 2.3265135e+000 1.19e+002 3.53e+012   3.4 6.09e+000  10.3 3.99e-005 1.32e-003h  1
 252 2.3267028e+000 1.19e+002 3.52e+012   2.0 4.63e+000  10.7 2.67e-002 5.09e-004h  1
 253 2.3324553e+000 1.26e+002 4.98e+012   3.4 5.27e+000  11.2 1.54e-002 1.07e-002h  1
 254 2.3358563e+000 1.29e+002 5.73e+012   3.4 7.39e+000  11.6 4.83e-004 9.12e-003h  1
 255 2.3368629e+000 1.28e+002 5.70e+012   3.4 9.48e+000  11.1 2.23e-002 3.68e-003h  1
 256 2.3368759e+000 1.28e+002 5.70e+012   3.4 2.73e+001  11.5 2.35e-004 3.62e-005h  1
 257r2.3368759e+000 1.28e+002 1.00e+003   3.4 0.00e+000  12.0 0.00e+000 1.09e-007R  2
 258r2.3402325e+000 6.58e+001 7.83e+001  -2.8 3.78e+000    -  9.22e-001 8.06e-001f  1
 259r2.3402325e+000 6.58e+001 9.95e+002   0.1 0.00e+000  11.5 0.00e+000 4.21e-007R  3
iter    objective    inf_pr   inf_du lg(mu)  ||d||  lg(rg) alpha_du alpha_pr  ls
 260r2.3322349e+000 4.81e+001 9.84e+002  -0.3 5.83e+001    -  6.93e-002 4.74e-003f  1
 261 2.1541881e+000 5.94e+002 2.10e+003  -0.4 1.21e+001    -  1.06e-001 3.16e-001f  1
 262 2.1569102e+000 5.90e+002 9.26e+010   0.7 3.03e+000  11.0 1.00e+000 6.32e-003h  1
 263 2.1569412e+000 5.90e+002 9.26e+010   1.6 3.75e+000  10.5 1.00e+000 9.44e-005h  1
 264 2.1419467e+000 5.85e+002 3.47e+012   3.4 3.95e+001  10.1 2.03e-005 7.51e-003f  1
 265 2.1421516e+000 5.85e+002 3.47e+012   2.4 3.23e+000  10.5 1.00e+000 3.13e-004h  1
 266 2.1431707e+000 5.84e+002 3.46e+012   3.4 4.93e+000  10.0 6.55e-002 1.71e-003h  1
 267 2.1569630e+000 5.73e+002 3.38e+012   3.4 3.26e+000  10.4 3.46e-003 1.86e-002h  1
 268 2.1573694e+000 5.73e+002 3.38e+012   3.3 3.27e+000  10.0 1.00e+000 5.23e-004h  1
 269 2.2036340e+000 5.44e+002 3.17e+012   3.4 2.85e+000  10.4 1.44e-002 5.39e-002h  1
iter    objective    inf_pr   inf_du lg(mu)  ||d||  lg(rg) alpha_du alpha_pr  ls
 270 2.2043075e+000 5.43e+002 3.17e+012   3.4 2.65e+000   9.9 2.37e-001 6.98e-004h  1
 271 2.2066597e+000 5.42e+002 3.16e+012   3.4 2.69e+000  10.3 3.94e-002 2.65e-003h  1
 272 2.2076074e+000 5.41e+002 3.15e+012   3.4 2.71e+000   9.9 1.30e-001 1.05e-003h  1
 273 2.2316626e+000 5.27e+002 3.07e+012   3.4 2.67e+000  10.3 7.34e-002 2.64e-002h  1
 274 2.2441341e+000 5.20e+002 3.02e+012   3.4 2.83e+000   9.8 1.55e-001 1.35e-002h  1
 275 2.2463700e+000 5.19e+002 3.02e+012   3.4 2.56e+000  10.2 3.11e-001 2.40e-003h  1
 276 2.2491017e+000 5.18e+002 3.01e+012   3.4 3.18e+000   9.7 5.62e-002 2.62e-003h  1
 277 2.2750804e+000 5.06e+002 2.94e+012   3.4 2.78e+000  10.2 2.59e-001 2.31e-002h  1
 278 2.2829349e+000 5.02e+002 2.92e+012   3.4 3.79e+000   9.7 2.38e-002 7.41e-003h  1
 279 2.2933681e+000 4.98e+002 5.37e+012   3.4 2.90e+000  10.1 6.02e-001 8.72e-003h  1
iter    objective    inf_pr   inf_du lg(mu)  ||d||  lg(rg) alpha_du alpha_pr  ls
 280 2.3196935e+000 4.87e+002 5.24e+012   3.4 4.62e+000   9.6 2.74e-002 2.22e-002h  1
 281 2.3227412e+000 4.85e+002 3.42e+012   3.4 2.82e+000  10.1 6.89e-001 2.19e-003h  1
 282 2.3588280e+000 4.73e+002 2.87e+012   3.4 3.31e+000   9.6 3.08e-001 2.60e-002h  1
 283 2.3722389e+000 4.68e+002 2.72e+012   3.4 2.78e+000  10.0 8.87e-001 9.47e-003h  1
 284 2.3994050e+000 4.57e+002 2.65e+012   2.7 3.47e+000   9.5 1.46e-001 2.57e-002h  1
 285 2.4031453e+000 4.55e+002 2.64e+012   2.0 2.81e+000  10.0 2.10e-001 3.97e-003h  1
 286 2.4248426e+000 4.44e+002 2.58e+012   2.0 2.49e+000  10.4 4.21e-003 2.53e-002h  1
 287 2.4254778e+000 4.43e+002 2.58e+012   2.0 2.45e+000  10.8 1.02e-002 7.21e-004h  1
 288 2.4373352e+000 4.36e+002 2.54e+012   2.0 4.80e+000  10.3 3.85e-003 1.74e-002h  1
 289 2.4374579e+000 4.36e+002 2.54e+012   2.0 3.06e+000   9.9 4.45e-002 1.88e-004h  1
iter    objective    inf_pr   inf_du lg(mu)  ||d||  lg(rg) alpha_du alpha_pr  ls
 290 2.4377253e+000 4.35e+002 2.54e+012   2.0 3.37e+000  10.3 9.26e-002 4.01e-004h  1
 291 2.4466428e+000 4.29e+002 2.50e+012   2.0 3.67e+000   9.8 6.83e-002 1.48e-002h  1
 292 2.4498428e+000 4.27e+002 2.49e+012   2.0 3.34e+000  10.2 1.75e-001 5.70e-003h  1
 293 2.4604100e+000 4.15e+002 2.42e+012   2.0 4.35e+000   9.8 9.42e-002 2.69e-002h  1
 294 2.4633484e+000 4.08e+002 2.38e+012   1.3 6.45e+000   9.3 2.99e-002 1.74e-002h  1
 295 2.4638251e+000 4.07e+002 2.37e+012   1.3 3.03e+000   9.7 3.63e-002 1.83e-003h  1
 296 2.4656450e+000 4.05e+002 2.36e+012   3.4 3.02e+000  10.1 4.71e-002 5.69e-003h  1
 297 2.4712624e+000 3.96e+002 2.31e+012   3.4 3.28e+000   9.7 1.38e-001 2.23e-002h  1
 298 2.4747014e+000 3.92e+002 2.28e+012   3.4 3.08e+000  10.1 9.33e-002 1.15e-002h  1
 299 2.4827261e+000 3.76e+002 2.19e+012   3.4 3.56e+000   9.6 6.60e-002 3.94e-002h  1
iter    objective    inf_pr   inf_du lg(mu)  ||d||  lg(rg) alpha_du alpha_pr  ls
 300 2.4841173e+000 3.74e+002 2.18e+012   3.4 3.15e+000  10.0 2.26e-001 5.15e-003h  1
 301 2.4867906e+000 3.69e+002 2.15e+012   3.4 3.51e+000   9.6 1.85e-001 1.36e-002h  1
 302 2.4895262e+000 3.65e+002 2.13e+012   3.4 3.05e+000  10.0 2.43e-001 1.10e-002h  1
 303 2.4935374e+000 3.57e+002 2.08e+012   3.4 3.13e+000   9.5 3.71e-001 2.16e-002h  1
 304 2.4957190e+000 3.54e+002 2.06e+012   0.1 2.59e+000   9.9 1.49e-001 9.51e-003h  1
 305 2.5037732e+000 3.37e+002 1.96e+012   3.4 3.23e+000   9.5 8.60e-003 4.86e-002h  1
 306 2.5040134e+000 3.37e+002 1.96e+012   3.4 2.51e+000   9.9 4.97e-002 1.09e-003h  1
 307 2.5087425e+000 3.28e+002 1.91e+012   3.4 3.25e+000   9.4 4.91e-002 2.51e-002h  1
 308 2.5088600e+000 3.28e+002 1.90e+012   3.4 2.48e+000   9.8 1.33e-001 5.05e-004h  1
 309 2.5125520e+000 3.22e+002 1.87e+012   3.4 3.91e+000   9.4 1.16e-001 1.84e-002h  1
iter    objective    inf_pr   inf_du lg(mu)  ||d||  lg(rg) alpha_du alpha_pr  ls
 310 2.5151314e+000 3.19e+002 1.85e+012   3.4 2.48e+000   9.8 2.74e-001 1.06e-002h  1
 311 2.5260082e+000 3.02e+002 1.74e+012   3.4 6.86e+000   9.3 1.51e-002 5.40e-002h  1
 312 2.5290485e+000 2.98e+002 1.72e+012   3.4 2.38e+000   9.7 4.19e-002 1.31e-002h  1
 313 2.5293344e+000 2.98e+002 1.72e+012   3.4 2.19e+000  10.2 6.19e-002 1.11e-003h  1
 314 2.5463448e+000 2.78e+002 1.60e+012   3.4 2.50e+000   9.7 4.47e-002 6.77e-002h  1
 315 2.5466066e+000 2.78e+002 1.60e+012   3.4 2.26e+000  10.1 1.32e-001 9.39e-004h  1
 316 2.5487607e+000 2.75e+002 1.58e+012   3.4 3.24e+000   9.6 2.89e-001 8.83e-003h  1
 317 2.5542625e+000 2.67e+002 1.54e+012   3.4 3.42e+000   9.2 1.10e-001 2.86e-002h  1
 318 2.5556662e+000 2.66e+002 1.52e+012   3.4 3.06e+000   9.6 5.10e-002 7.25e-003h  1
 319 2.5619916e+000 2.57e+002 1.47e+012   3.4 3.22e+000   9.1 5.38e-004 3.23e-002h  1
iter    objective    inf_pr   inf_du lg(mu)  ||d||  lg(rg) alpha_du alpha_pr  ls
 320 2.5621264e+000 2.57e+002 1.47e+012   3.4 2.90e+000   9.5 1.09e-004 8.14e-004h  1
 321 2.5623164e+000 2.56e+002 1.47e+012   3.4 3.10e+000   9.0 6.42e-002 1.53e-003h  1
 322 2.5643961e+000 2.52e+002 1.45e+012   3.4 2.89e+000   9.5 4.63e-003 1.55e-002h  1
 323 2.5651998e+000 2.48e+002 1.42e+012   3.4 3.85e+000   9.0 1.73e-002 1.87e-002h  1
 324 2.5664366e+000 2.43e+002 1.39e+012   3.4 2.74e+000   9.4 2.21e-001 1.75e-002h  1
 325 2.5668841e+000 2.42e+002 1.39e+012   3.4 2.61e+000   9.8 1.88e-001 4.32e-003h  1
 326 2.5686258e+000 2.34e+002 1.34e+012   3.4 2.63e+000   9.4 3.48e-002 3.45e-002h  1
 327 2.5687786e+000 2.34e+002 1.33e+012   3.4 2.46e+000   9.8 5.78e-002 1.97e-003h  1
 328 2.5693099e+000 2.31e+002 1.32e+012   3.4 2.47e+000   9.3 1.59e-001 1.23e-002h  1
 329 2.5710011e+000 2.25e+002 1.29e+012   3.4 2.39e+000   9.7 6.47e-002 2.56e-002h  1
iter    objective    inf_pr   inf_du lg(mu)  ||d||  lg(rg) alpha_du alpha_pr  ls
 330 2.5722659e+000 2.19e+002 3.26e+012   3.4 2.41e+000   9.3 1.50e-003 3.17e-002h  1
 331 2.5721411e+000 2.19e+002 3.26e+012   3.4 3.71e+000   9.7 7.69e-005 2.66e-003h  1
 332 2.5719182e+000 2.17e+002 3.23e+012   3.4 4.91e+000   9.2 5.73e-003 7.34e-003h  1
 333 2.5716571e+000 2.16e+002 3.21e+012   3.4 3.41e+000   9.6 2.17e-005 6.38e-003f  1
 334 2.5717078e+000 2.16e+002 1.22e+012   3.4 4.32e+000   9.2 2.51e-004 1.18e-003h  1
 335 2.5717164e+000 2.16e+002 1.22e+012   3.4 2.24e+000   9.6 3.39e-001 1.38e-004h  1
 336 2.5751519e+000 2.05e+002 3.16e+012   3.4 2.75e+000   9.1 4.78e-003 6.27e-002h  1
 337 2.5753229e+000 2.05e+002 1.13e+012   3.4 2.00e+000   9.5 4.79e-002 1.26e-002h  1
 338 2.5813889e+000 1.89e+002 3.02e+012   3.4 2.78e+000   9.1 8.64e-002 8.61e-002h  1
 339 2.5818897e+000 1.92e+002 1.01e+012   3.4 1.69e+000   9.5 1.23e-001 2.02e-002h  1
iter    objective    inf_pr   inf_du lg(mu)  ||d||  lg(rg) alpha_du alpha_pr  ls
 340 2.5826985e+000 1.90e+002 9.95e+011   3.4 2.99e+000   9.0 2.13e-001 1.12e-002h  1
 341 2.5872919e+000 1.79e+002 9.37e+011   3.4 1.86e+000   9.4 9.46e-002 5.99e-002h  1
 342 2.5893678e+000 1.74e+002 9.13e+011   3.4 4.19e+000   9.0 5.07e-002 2.50e-002h  1
 343 2.5898692e+000 1.73e+002 9.07e+011   3.4 2.60e+000   9.4 1.80e-001 7.03e-003h  1
 344 2.5895620e+000 1.73e+002 9.06e+011   3.4 2.62e+002   8.9 6.62e-004 5.98e-004h  1
 345 2.5919683e+000 1.68e+002 2.97e+012   3.4 2.76e+000   9.3 1.11e-003 3.87e-002h  1
 346 2.5922766e+000 1.69e+002 1.09e+012   3.4 2.38e+000   9.8 2.23e-001 1.58e-002h  1
 347 2.5953131e+000 1.61e+002 1.03e+012   3.4 2.47e+000   9.3 8.57e-002 5.31e-002h  1
 348 2.5953974e+000 1.60e+002 1.03e+012   3.4 2.03e+000   9.7 6.63e-002 1.02e-003h  1
 349 2.5958379e+000 1.59e+002 1.02e+012   3.4 2.58e+000   9.2 1.26e-004 9.40e-003h  1
iter    objective    inf_pr   inf_du lg(mu)  ||d||  lg(rg) alpha_du alpha_pr  ls
 350 2.5959726e+000 1.59e+002 1.02e+012   3.4 1.98e+000   9.7 2.60e-001 1.80e-003h  1
 351 2.5987890e+000 1.50e+002 2.82e+012   3.4 4.37e+000   9.2 2.98e-003 7.07e-002h  1
 352 2.5988166e+000 1.50e+002 2.81e+012   3.4 1.59e+000   9.6 1.60e-001 1.82e-003h  1
 353 2.6009674e+000 1.62e+002 2.13e+012   3.4 1.58e+000  10.0 4.86e-002 7.24e-002h  1
 354 2.6010588e+000 1.62e+002 2.13e+012   3.3 1.59e+000   9.6 3.21e-001 1.50e-003h  1
 355 2.6044685e+000 1.59e+002 3.01e+012   3.4 1.23e+000  10.0 2.58e-003 3.25e-002h  1
 356 2.6060748e+000 1.65e+002 2.99e+012   3.4 1.20e+000   9.5 1.20e-004 9.59e-002h  1
 357 2.6099981e+000 1.59e+002 2.87e+012   3.4 1.12e+000   9.9 4.97e-001 3.87e-002h  1
 358 2.6113787e+000 1.55e+002 2.80e+012   3.4 2.68e+000   9.5 3.78e-002 2.38e-002h  1
 359 2.6121379e+000 1.54e+002 2.78e+012   3.4 1.13e+000   9.9 2.71e-001 8.66e-003h  1
iter    objective    inf_pr   inf_du lg(mu)  ||d||  lg(rg) alpha_du alpha_pr  ls
 360 2.6227880e+000 1.34e+002 2.85e+012   3.4 3.67e+000   9.4 8.82e-002 1.73e-001h  1
 361 2.6228139e+000 1.34e+002 2.85e+012   3.4 3.29e+000   9.8 6.75e-002 3.33e-003h  1
 362 2.6228098e+000 1.34e+002 2.84e+012   3.4 1.74e+000  10.3 5.60e-003 4.10e-004h  1
 363 2.6223142e+000 1.31e+002 2.66e+012   3.4 3.68e+000   9.8 8.92e-005 2.47e-002f  1
 364 2.6223863e+000 1.31e+002 2.66e+012   3.4 2.37e+000  10.2 4.85e-004 1.02e-003h  1
 365 2.6223982e+000 1.31e+002 2.65e+012   3.4 1.97e+001   9.7 2.47e-004 2.33e-003h  1
 366 2.6259261e+000 1.30e+002 3.16e+012   3.4 2.74e+000  10.2 2.84e-003 5.29e-002h  1
 367 2.6259178e+000 1.30e+002 3.16e+012   3.4 2.34e+000  10.6 1.46e-003 1.09e-003h  1
 368 2.6258827e+000 1.29e+002 3.15e+012   3.4 2.44e+000  10.1 1.72e-003 1.77e-003h  1
 369 2.6258147e+000 1.28e+002 3.13e+012   3.4 2.39e+000  10.5 1.72e-001 7.63e-003h  1
iter    objective    inf_pr   inf_du lg(mu)  ||d||  lg(rg) alpha_du alpha_pr  ls
 370 2.6256483e+000 1.27e+002 3.10e+012   3.4 2.22e+000  10.1 1.02e-002 8.64e-003h  1
 371 2.6251095e+000 1.28e+002 2.95e+012   3.4 8.29e+000   9.6 1.83e-002 1.63e-002h  1
 372 2.6260180e+000 1.27e+002 3.31e+012   3.4 3.44e+000  10.0 1.93e-001 1.80e-002h  1
 373 2.6237285e+000 1.40e+002 2.89e+012   3.4 3.39e+000   9.5 1.52e-001 1.36e-001h  2
 374 2.6231156e+000 1.38e+002 2.85e+012   3.4 3.01e+000   9.0 1.21e-001 1.45e-002h  1
 375 2.6207211e+000 1.47e+002 5.20e+012   3.4 3.03e+000   9.5 4.82e-001 1.76e-001h  1
 376 2.6202496e+000 1.44e+002 5.12e+012   3.4 1.61e+001   9.0 3.78e-002 1.56e-002h  1
 377 2.6218134e+000 1.34e+002 4.76e+012   3.4 1.73e+000   9.4 2.96e-001 7.22e-002h  1
 378 2.6219327e+000 1.33e+002 4.74e+012   3.4 1.65e+000   9.8 3.31e-001 2.87e-003h  1
 379 2.6236210e+000 1.23e+002 4.38e+012   3.4 1.41e+000   9.4 6.46e-001 7.82e-002h  1
iter    objective    inf_pr   inf_du lg(mu)  ||d||  lg(rg) alpha_du alpha_pr  ls
 380 2.6236437e+000 1.23e+002 4.38e+012   3.4 6.58e+000   8.9 1.06e-001 3.14e-004h  1
 381 2.6257988e+000 1.11e+002 3.96e+012   2.4 1.45e+000   9.3 4.11e-001 1.01e-001h  1
 382 2.6274275e+000 1.04e+002 3.75e+012   3.4 4.79e+000   8.8 5.36e-001 5.65e-002h  1
 383 2.6276363e+000 1.04e+002 3.72e+012   3.4 1.04e+000   9.3 1.20e-001 8.17e-003h  1
 384 2.6306861e+000 9.27e+001 3.36e+012   3.4 4.04e+000   8.8 2.38e-001 1.04e-001h  1
 385 2.6308616e+000 9.19e+001 3.33e+012   3.4 7.95e-001   9.2 1.44e-001 8.37e-003h  1
 386 2.6308156e+000 9.15e+001 3.32e+012   3.4 1.87e+000   8.7 5.59e-002 3.90e-003h  1
 387 2.6331231e+000 7.91e+001 1.90e+012   3.4 8.33e-001   9.2 3.48e-001 1.46e-001h  1
 388 2.6330058e+000 7.83e+001 2.86e+012   3.4 1.54e+000   8.7 1.01e-001 1.66e-002h  1
 389 2.6333117e+000 7.65e+001 1.84e+012   3.4 6.84e-001   9.1 1.00e+000 2.29e-002h  1
iter    objective    inf_pr   inf_du lg(mu)  ||d||  lg(rg) alpha_du alpha_pr  ls
 390 2.6364512e+000 8.65e+001 2.01e+012   3.4 3.50e+000   8.6 7.67e-002 1.77e-001f  1
 391 2.6360739e+000 8.52e+001 2.84e+012   3.4 5.33e-001   9.1 3.82e-001 8.84e-002h  1
 392 2.6356431e+000 8.36e+001 2.79e+012   3.4 1.96e+000   8.6 4.16e-001 1.82e-002h  1
 393 2.6391530e+000 6.66e+001 1.54e+012   3.4 5.55e-001   9.0 1.00e+000 2.19e-001h  1
 394 2.6390045e+000 7.14e+001 2.16e+012   3.2 3.89e-001   9.4 7.18e-001 2.14e-001h  1
 395 2.6392734e+000 6.97e+001 2.10e+012   3.3 5.76e-001   9.0 1.00e+000 2.39e-002h  1
 396 2.6447718e+000 5.38e+001 1.14e+012   3.4 2.87e-001   9.4 1.00e+000 2.70e-001h  1
 397 2.6438408e+000 5.32e+001 9.78e+011   3.4 5.66e-001   8.9 8.49e-001 2.57e-001h  1
 398 2.6438535e+000 5.27e+001 9.70e+011   3.4 2.83e-001  10.2 1.87e-001 8.20e-003h  1
 399 2.6438390e+000 5.19e+001 9.55e+011   3.4 2.85e-001   9.8 1.71e-002 1.59e-002h  1
iter    objective    inf_pr   inf_du lg(mu)  ||d||  lg(rg) alpha_du alpha_pr  ls
 400 2.6438402e+000 5.18e+001 9.52e+011   2.2 2.79e-001  10.2 1.08e-001 2.84e-003h  1
 401 2.6440084e+000 5.26e+001 1.30e+012   3.4 2.78e-001   9.7 3.11e-003 8.46e-002h  3
 402 2.6444424e+000 5.13e+001 1.27e+012   3.4 2.37e-001  10.1 4.14e-001 2.30e-002h  1
 403 2.6444503e+000 5.13e+001 1.27e+012   2.7 2.49e-001  10.6 1.00e+000 4.30e-004h  1
 404 2.6456686e+000 4.76e+001 1.18e+012   3.4 2.31e-001  10.1 1.00e+000 7.27e-002h  1
 405 2.6468224e+000 4.79e+001 6.86e+011   2.8 2.33e-001  10.5 1.00e+000 6.82e-002h  3
 406 2.6466950e+000 4.79e+001 9.96e+011  -2.1 2.73e-001  10.9 2.31e-001 9.18e-002h  2
 407 2.6466867e+000 4.76e+001 9.90e+011   2.8 1.96e-001  10.5 8.41e-001 6.24e-003h  1
 408 2.6466546e+000 4.71e+001 8.60e+011   3.4 1.91e-001  10.9 2.38e-002 8.73e-002h  3
 409 2.6466533e+000 4.71e+001 8.59e+011   3.4 2.60e-001  10.4 6.24e-001 1.03e-003h  1
iter    objective    inf_pr   inf_du lg(mu)  ||d||  lg(rg) alpha_du alpha_pr  ls
 410 2.6466068e+000 4.65e+001 1.32e+012   3.4 2.59e-001  10.8 4.88e-002 5.69e-002h  3
 411 2.6474596e+000 4.58e+001 1.05e+012   3.4 2.07e-001  10.4 1.00e+000 5.25e-002h  1
 412 2.6468510e+000 4.60e+001 1.40e+012   3.4 2.04e-001  10.8 4.26e-001 6.36e-002h  3
 413 2.6486356e+000 4.52e+001 1.03e+012   3.4 5.62e-001  10.3 4.55e-001 8.68e-002h  2
 414 2.6474373e+000 4.59e+001 1.54e+012   3.4 1.95e-001  10.7 2.32e-002 1.33e-001h  3
 415 2.6508674e+000 4.07e+001 8.79e+011   3.4 8.94e-001  10.3 7.49e-002 1.56e-001h  1
 416 2.6506124e+000 4.08e+001 6.93e+011   3.4 1.64e-001   9.8 7.51e-002 1.00e-001f  2
 417 2.6504123e+000 3.89e+001 1.23e+012   2.4 2.01e-001   9.3 5.74e-001 6.73e-002h  1
 418 2.6508546e+000 3.64e+001 6.06e+011   3.4 2.17e-001   8.8 9.41e-001 7.08e-002f  1
 419 2.6501283e+000 4.25e+001 7.03e+011   3.4 1.82e-001   9.3 2.21e-001 3.40e-001f  1
iter    objective    inf_pr   inf_du lg(mu)  ||d||  lg(rg) alpha_du alpha_pr  ls
 420 2.6500998e+000 4.21e+001 6.96e+011   3.4 1.41e-001   8.8 2.80e-001 1.03e-002h  1
 421 2.6496958e+000 3.70e+001 8.75e+011   3.4 1.45e-001   9.2 2.57e-001 2.16e-001f  1
 422 2.6506503e+000 3.13e+001 7.47e+011   3.4 1.73e-001   8.7 1.70e-001 1.53e-001f  1
 423 2.6514568e+000 2.77e+001 6.62e+011   3.4 1.08e-001   9.1 3.19e-001 1.17e-001h  1
 424 2.6523903e+000 2.32e+001 3.58e+011   3.4 1.29e-001   8.7 1.44e-001 2.04e-001f  1
 425 2.6522326e+000 2.27e+001 1.36e+011   3.4 2.66e-001   8.2 2.85e-001 1.00e+000f  1
 426 2.6526785e+000 1.56e+001 2.71e+009   3.4 8.52e-002   7.7 5.52e-001 1.00e+000f  1
 427 2.6535688e+000 1.15e+001 2.88e+008   3.4 7.92e-002   7.2 8.99e-001 1.00e+000f  1
 428 2.6533901e+000 1.12e+001 5.69e+007   2.7 5.23e-002   6.8 9.26e-001 1.00e+000f  1
 429 2.6534215e+000 6.25e+000 1.35e+007  -3.2 4.11e-002   6.3 8.35e-001 8.31e-001h  1
iter    objective    inf_pr   inf_du lg(mu)  ||d||  lg(rg) alpha_du alpha_pr  ls
 430 2.6533099e+000 7.84e+000 3.63e+006   1.2 2.65e-002   5.8 8.75e-001 1.00e+000f  1
 431 2.6530903e+000 5.61e+000 1.28e+006   0.5 3.11e-002   5.3 7.77e-001 1.00e+000f  1
 432 2.6515022e+000 6.58e+000 3.87e+005   0.7 2.81e-002   4.9 9.15e-001 1.00e+000f  1
 433 2.6504511e+000 5.43e+000 1.31e+005   0.0 2.76e-002   4.4 8.78e-001 1.00e+000f  1
 434 2.6504102e+000 5.20e+000 3.44e+004  -0.9 2.32e-002   3.9 9.08e-001 1.00e+000f  1
 435 2.6499597e+000 3.95e+000 1.01e+004  -1.3 2.02e-002   3.4 1.00e+000 1.00e+000f  1
 436 2.6494934e+000 4.18e+000 3.02e+003  -1.8 1.77e-002   2.9 1.00e+000 1.00e+000f  1
 437 2.6490445e+000 3.26e+000 9.17e+002  -2.3 1.66e-002   2.5 1.00e+000 1.00e+000h  1
 438 2.6489228e+000 3.09e+000 2.53e+002  -3.0 1.38e-002   2.0 1.00e+000 1.00e+000h  1
 439 2.6485806e+000 2.26e+000 7.23e+001  -3.6 1.21e-002   1.5 9.94e-001 1.00e+000h  1
iter    objective    inf_pr   inf_du lg(mu)  ||d||  lg(rg) alpha_du alpha_pr  ls
 440 2.6471260e+000 2.79e+000 2.49e+001  -4.0 1.11e-002   1.0 9.98e-001 1.00e+000h  1
 441 2.6424042e+000 3.41e+000 1.02e+001  -4.3 1.24e-002   0.6 8.55e-001 1.00e+000h  1
 442 2.6379879e+000 7.49e+000 3.76e+001  -2.2 6.38e-001   0.1 6.89e-001 3.02e-002f  1
 443 2.6326614e+000 1.10e+001 6.24e+000  -3.5 4.98e-002  -0.4 8.51e-001 1.00e+000h  1
 444 2.4632900e+000 1.20e+002 4.92e+000  -2.4 4.33e-001  -0.9 4.28e-001 1.00e+000f  1
 445 2.4100691e+000 1.05e+002 4.40e+000  -2.0 1.03e+000  -1.3 6.94e-001 1.63e-001f  1
 446 2.3456974e+000 5.78e+001 8.91e+000  -8.2 5.89e-001  -1.8 1.67e-001 1.00e+000h  1
 447 2.1773875e+000 1.38e+002 1.04e+001  -2.9 9.67e-001  -2.3 3.91e-001 6.74e-001h  1
 448 2.0234363e+000 8.68e+001 5.55e+000  -2.5 9.22e+000  -2.8 5.19e-001 4.44e-001f  1
 449 1.9399376e+000 6.97e+001 4.41e+000  -2.5 5.60e+000  -3.3 3.89e-001 1.98e-001f  1
iter    objective    inf_pr   inf_du lg(mu)  ||d||  lg(rg) alpha_du alpha_pr  ls
 450 1.7758037e+000 3.70e+001 2.94e+000  -8.5 8.42e+000  -3.7 1.16e-001 4.66e-001h  1
 451 1.6582601e+000 3.28e+001 2.82e+000  -2.8 1.17e+001  -4.2 4.13e-001 6.12e-001f  1
 452 1.6641998e+000 7.26e+001 4.17e+000  -2.4 8.73e-001  -1.1 2.32e-001 7.57e-001h  1
 453 1.6913661e+000 6.00e+001 3.44e+001  -1.5 4.64e+000  -0.6 6.95e-001 2.26e-001f  1
 454 1.6889207e+000 6.20e+001 3.53e+001  -1.3 4.04e+000  -0.2 5.37e-001 1.05e-001f  1
 455 1.6886193e+000 5.36e+001 3.78e+001  -1.5 2.87e+000   0.2 9.99e-001 1.37e-001h  1
 456 1.6894460e+000 4.56e+001 5.40e+001  -1.2 1.79e+000   0.6 1.00e+000 1.49e-001h  1
 457 1.7085394e+000 4.01e+001 2.93e+002   0.4 1.64e+000   1.1 2.24e-001 1.50e-001f  1
 458 1.7118589e+000 3.12e+001 6.36e+002  -6.2 2.09e+000   0.6 1.16e-001 3.89e-001h  1
 459 1.7609681e+000 4.69e+001 1.12e+003  -0.0 7.45e-001   1.0 1.00e+000 1.00e+000f  1
iter    objective    inf_pr   inf_du lg(mu)  ||d||  lg(rg) alpha_du alpha_pr  ls
 460 1.7591550e+000 4.00e+001 9.51e+002  -0.1 6.21e+000   0.5 3.35e-001 1.49e-001f  1
 461 1.7560565e+000 3.98e+001 7.90e+002  -0.1 3.15e+000   1.0 9.07e-002 1.70e-001f  1
 462 1.7854135e+000 1.49e+002 1.15e+003  -0.1 2.64e+000   0.5 1.46e-001 1.00e+000f  1
 463 1.8396630e+000 3.70e+002 2.07e+003  -0.1 4.37e+000  -0.0 3.43e-001 1.00e+000f  1
 464 1.8290524e+000 2.99e+002 1.44e+003  -0.1 7.34e+000   0.4 5.07e-001 3.02e-001f  1
 465 1.8480444e+000 2.72e+002 1.34e+003  -0.1 3.32e+001  -0.1 1.78e-002 9.28e-002f  1
 466 1.9255103e+000 1.57e+002 9.97e+002  -0.1 1.46e+001  -0.5 4.68e-001 4.91e-001f  1
 467 1.9293196e+000 3.97e+002 1.42e+003  -0.1 4.77e+000  -1.0 2.64e-001 4.03e-001f  1
 468 2.0211455e+000 2.64e+002 9.52e+002  -0.1 1.89e+001  -1.5 1.92e-001 3.29e-001f  1
 469 2.1256796e+000 1.78e+002 8.52e+002  -0.1 1.40e+001  -1.1 2.07e-001 6.09e-001f  1
iter    objective    inf_pr   inf_du lg(mu)  ||d||  lg(rg) alpha_du alpha_pr  ls
 470 2.1147919e+000 2.89e+002 1.39e+003  -0.1 1.61e+001  -0.6 2.77e-001 3.38e-001f  1
 471 2.1231901e+000 2.65e+002 1.22e+003  -0.1 1.31e+002  -1.1 2.85e-003 8.43e-002f  1
 472 2.2650136e+000 6.23e+001 7.13e+002  -0.1 3.30e+000  -0.7 8.94e-001 1.00e+000f  1
 473 2.2653185e+000 5.13e+002 1.48e+003  -0.1 5.47e+000  -1.2 3.75e-001 4.52e-001f  1
 474 2.4577633e+000 4.43e+002 1.36e+003  -0.1 1.38e+001  -1.6 1.03e-001 2.09e-001f  1
 475 2.5343545e+000 1.62e+002 1.23e+003  -0.1 3.81e+000  -1.2 1.00e+000 1.00e+000f  1
 476 2.6200092e+000 5.15e+002 1.52e+003  -0.1 2.01e+000  -0.8 6.15e-001 1.00e+000f  1
 477 2.5441234e+000 3.46e+002 3.85e+003  -0.1 1.24e+001  -0.4 2.56e-002 3.12e-001f  1
 478 2.5329626e+000 2.84e+002 3.26e+003  -0.1 7.48e-001   1.9 9.14e-002 2.01e-001h  1
 479 2.5368970e+000 2.53e+002 2.90e+003  -0.1 1.26e+000   1.4 1.10e-001 1.07e-001h  1
iter    objective    inf_pr   inf_du lg(mu)  ||d||  lg(rg) alpha_du alpha_pr  ls
 480 2.5601737e+000 2.36e+002 4.13e+003  -0.1 3.82e+000   0.9 5.52e-002 1.14e-001h  1
 481 2.5609237e+000 2.19e+002 3.71e+003  -0.1 4.29e+000   0.4 1.60e-001 7.11e-002h  1
 482 2.5679908e+000 2.02e+002 3.43e+003  -0.1 2.13e+000   0.9 5.11e-001 7.43e-002h  1
 483 2.5865054e+000 2.01e+002 3.41e+003  -0.1 4.71e+001   0.4 4.94e-002 1.01e-002h  2
 484 2.6319829e+000 1.73e+002 2.96e+003  -0.1 4.39e+000   0.8 4.45e-001 1.40e-001h  1
 485 2.6693293e+000 1.11e+002 4.03e+003  -0.1 1.52e+000   1.2 4.19e-001 4.31e-001h  1
 486 2.6731205e+000 1.01e+002 3.93e+003  -0.1 8.30e-001   1.7 8.95e-001 8.41e-002h  1
 487 2.7009822e+000 1.02e+002 1.39e+004  -0.1 1.10e+000   2.1 5.51e-001 3.70e-001h  1
 488 2.6968983e+000 1.12e+002 2.93e+004  -0.1 1.02e+000   1.6 5.58e-001 7.33e-001f  1
 489 2.7352537e+000 4.31e+001 1.05e+004  -0.1 7.09e-001   1.1 5.74e-001 6.82e-001h  1
iter    objective    inf_pr   inf_du lg(mu)  ||d||  lg(rg) alpha_du alpha_pr  ls
 490 2.6990128e+000 1.35e+002 1.43e+004  -0.1 1.56e+000   0.7 4.00e-001 8.92e-001f  1
 491 2.7256888e+000 3.35e+001 5.89e+003  -0.1 1.03e+000   1.1 3.23e-001 8.11e-001h  1
 492 2.6969558e+000 8.53e+000 1.18e+003  -0.1 6.05e-001   0.6 1.00e+000 1.00e+000f  1
 493 2.6225787e+000 2.02e+002 3.87e+002  -0.1 6.87e-001   0.1 7.53e-001 1.00e+000f  1
 494 2.6187682e+000 1.88e+002 3.65e+002  -0.1 3.30e+000  -0.3 2.61e-001 9.36e-002f  2
 495 2.6705325e+000 9.03e+001 2.16e+002  -0.1 1.24e+000  -0.8 1.00e+000 6.27e-001f  1
 496 2.8958602e+000 4.63e+001 5.35e+002  -0.1 4.13e+000  -1.3 1.00e+000 1.00e+000f  1
 497 3.1535034e+000 3.54e+002 4.18e+002  -0.1 1.86e+001  -1.8 2.26e-001 6.35e-001f  1
 498 3.3759785e+000 2.21e+002 4.78e+002  -0.1 3.66e+001  -2.3 2.77e-001 3.46e-001f  1
 499 3.7906937e+000 2.79e+002 1.29e+003  -0.1 2.31e+001    -  2.42e-001 5.38e-001f  1
iter    objective    inf_pr   inf_du lg(mu)  ||d||  lg(rg) alpha_du alpha_pr  ls
 500 4.0141705e+000 1.85e+002 5.65e+002  -0.1 1.32e+001    -  4.98e-001 4.52e-001f  1
 501 4.0163565e+000 1.72e+002 5.56e+002  -0.1 1.78e+002    -  8.06e-002 2.54e-002h  1
 502 4.2264284e+000 9.80e+001 4.76e+002  -0.1 3.33e+001    -  3.26e-001 6.50e-001h  1
 503 4.2469859e+000 5.83e+001 4.59e+002  -0.1 1.86e+000  -0.0 1.00e+000 3.80e-001h  1
 504 4.2567165e+000 4.99e+000 7.99e+002  -0.1 2.18e+000  -0.5 9.48e-001 1.00e+000h  1
 505 4.1717961e+000 3.75e+002 6.06e+002  -0.1 3.59e+000  -1.0 2.32e-001 1.00e+000f  1
 506 4.1904425e+000 2.26e+002 4.55e+002  -0.1 1.48e+001  -1.5 5.70e-001 3.86e-001h  1
 507 4.2036290e+000 1.74e+002 4.65e+002  -0.1 4.51e+001    -  2.96e-001 2.04e-001f  1
 508 4.2189710e+000 1.19e+002 3.44e+002  -0.1 1.83e+001    -  4.57e-001 6.05e-001h  1
 509 4.1984429e+000 2.12e+002 2.18e+002  -0.1 7.19e+000    -  3.64e-001 6.42e-001f  1
iter    objective    inf_pr   inf_du lg(mu)  ||d||  lg(rg) alpha_du alpha_pr  ls
 510 4.2067683e+000 1.78e+002 1.88e+002  -0.1 7.59e+001    -  1.46e-001 1.64e-001h  1
 511 4.2366560e+000 1.02e+002 1.69e+002  -0.1 7.93e+000    -  1.00e+000 1.00e+000f  1
 512 4.2130303e+000 3.57e+002 3.52e+002  -0.1 9.21e+000    -  4.42e-001 9.45e-001f  1
 513 4.2568235e+000 1.13e+002 1.31e+003  -0.1 4.95e+000    -  9.05e-001 1.00e+000f  1
 514 4.2267804e+000 2.10e+002 2.81e+002  -0.1 4.41e+000    -  1.00e+000 6.89e-001h  1
 515 4.2388211e+000 1.05e+002 2.39e+002  -0.1 2.90e+000    -  1.00e+000 1.00e+000h  1
 516 4.2193853e+000 1.71e+002 1.99e+002  -0.1 4.94e+000    -  1.84e-001 2.58e-001F  1
 517 4.2203402e+000 1.04e+002 2.06e+002  -0.1 1.07e+001    -  1.00e+000 1.00e+000h  1
 518 4.1884362e+000 1.20e+002 1.74e+002  -0.1 1.05e+001    -  4.59e-001 3.16e-001f  2
 519 4.1911453e+000 8.47e+001 1.22e+002  -0.1 6.91e+000    -  9.60e-001 4.01e-001h  1
iter    objective    inf_pr   inf_du lg(mu)  ||d||  lg(rg) alpha_du alpha_pr  ls
 520 4.1967218e+000 4.03e+001 4.27e+002  -0.1 7.65e+000    -  4.14e-001 4.82e-001H  1
 521 4.2041992e+000 2.07e+001 2.67e+002  -0.1 8.28e+000    -  1.00e+000 7.53e-001f  1
 522 4.2022510e+000 1.25e+001 1.58e+002  -0.1 1.52e+001  -1.9 3.94e-001 4.16e-001f  1
 523 4.2069452e+000 2.47e+001 2.29e+002  -0.1 2.03e+000    -  1.00e+000 1.00e+000f  1
 524 4.2009375e+000 7.01e+001 4.10e+002  -0.1 1.20e+000    -  1.00e+000 1.00e+000f  1
 525 4.2049439e+000 6.11e+001 4.22e+002  -0.1 3.25e+000    -  1.00e+000 5.00e-001f  2
 526 4.2132981e+000 2.25e+001 1.37e+002  -0.1 1.85e+000    -  8.71e-001 1.00e+000h  1
 527 4.2078962e+000 4.78e-001 4.47e+000  -0.1 6.68e-001    -  1.00e+000 1.00e+000f  1
 528 4.2025645e+000 9.12e-004 2.03e+000  -0.8 4.83e-002    -  1.00e+000 1.00e+000h  1
 529 4.1702082e+000 2.92e-002 3.13e+000  -2.1 3.06e-001    -  9.96e-001 1.00e+000f  1
iter    objective    inf_pr   inf_du lg(mu)  ||d||  lg(rg) alpha_du alpha_pr  ls
 530 3.7068695e+000 6.90e+000 1.79e+000  -2.5 4.50e+000    -  1.00e+000 1.00e+000f  1
 531 3.0446816e+000 3.37e+001 5.14e-001  -2.6 7.47e+000    -  1.00e+000 1.00e+000h  1
 532 2.9454497e+000 1.05e+001 7.58e-002  -2.6 2.49e+000    -  1.00e+000 1.00e+000h  1
 533 2.9465805e+000 1.15e-001 6.44e-003  -2.6 1.30e+000    -  1.00e+000 1.00e+000h  1
 534 2.2362683e+000 7.20e+001 1.42e+000  -8.6 1.18e+001    -  5.11e-001 1.00e+000f  1
 535 2.1322839e+000 2.96e+001 3.29e-001  -3.0 5.90e+000    -  1.00e+000 1.00e+000h  1
 536 2.1105865e+000 2.53e+000 1.32e-001  -3.0 4.34e+000    -  1.00e+000 1.00e+000H  1
 537 1.7633938e+000 1.35e+002 1.64e+000  -3.3 7.39e+000    -  9.95e-001 1.00e+000h  1
 538 1.7415457e+000 1.86e+002 6.64e+000  -3.4 9.16e-001  -2.4 4.82e-001 1.00e+000h  1
 539 1.7420785e+000 1.36e+002 5.02e+000  -3.4 5.78e-001  -2.9 1.00e+000 2.71e-001h  1
iter    objective    inf_pr   inf_du lg(mu)  ||d||  lg(rg) alpha_du alpha_pr  ls
 540 1.7413074e+000 6.31e+000 1.51e+000  -3.4 1.01e+000  -3.4 1.00e+000 1.00e+000h  1
 541 1.4385448e+000 4.66e+002 6.65e+000  -3.7 4.46e+001    -  2.95e-001 5.27e-001h  1
 542 1.6038254e+000 3.37e+002 5.61e+000  -3.1 4.15e+001    -  3.11e-001 2.76e-001h  1
 543 1.8496674e+000 1.62e+002 2.76e+000  -2.7 2.07e+001  -3.8 1.00e+000 6.16e-001h  1
 544 1.8825827e+000 8.51e+001 1.37e+000  -2.8 1.99e+000  -2.5 4.49e-001 4.88e-001h  1
 545 1.9212576e+000 1.37e+001 3.40e-001  -2.8 2.22e+000  -3.0 1.00e+000 8.53e-001h  1
 546 2.0238059e+000 8.72e+000 2.01e+000  -2.8 7.94e+000  -3.5 4.64e-001 9.44e-001h  1
 547 2.0671070e+000 9.55e+001 1.81e+000  -2.8 8.77e+001    -  1.30e-001 9.24e-002h  1
 548 2.1509370e+000 5.32e+000 2.31e+000  -2.8 6.07e+000  -3.9 5.43e-001 1.00e+000h  1
 549 2.4826195e+000 7.35e+002 7.04e+000  -2.8 2.04e+001    -  2.70e-001 8.89e-001h  1
iter    objective    inf_pr   inf_du lg(mu)  ||d||  lg(rg) alpha_du alpha_pr  ls
 550 2.4777077e+000 5.65e+002 6.11e+000  -2.8 3.88e+001    -  4.26e-002 2.77e-001h  1
 551 2.4961480e+000 3.15e+002 3.29e+000  -2.8 3.15e+001    -  1.79e-001 4.52e-001h  1
 552 2.5052734e+000 2.45e+002 2.81e+000  -2.8 1.85e+001    -  1.94e-002 2.02e-001h  1
 553 2.5498309e+000 2.73e+002 2.45e+000  -2.8 4.13e+001  -4.4 1.79e-001 5.33e-001h  1
 554 2.5513248e+000 2.70e+002 2.93e+000  -2.8 1.14e+002    -  5.42e-003 1.08e-002h  2
 555 2.5456050e+000 2.26e+002 2.09e+000  -2.8 4.84e+001    -  4.77e-002 1.61e-001h  1
 556 2.5463379e+000 2.11e+002 1.92e+000  -2.8 2.67e+000  -1.3 1.47e-001 6.50e-002h  1
 557 2.5444366e+000 1.78e+002 1.63e+000  -2.8 3.31e+000  -1.8 4.27e-001 1.47e-001h  2
 558 2.5563870e+000 1.90e+002 4.19e+000  -2.8 3.82e+000  -2.2 1.00e+000 1.39e-001h  1
 559 2.5613012e+000 1.68e+002 2.99e+000  -2.8 3.61e+000  -2.7 7.87e-001 5.97e-001h  1
iter    objective    inf_pr   inf_du lg(mu)  ||d||  lg(rg) alpha_du alpha_pr  ls
 560 2.5626270e+000 1.57e+002 2.73e+000  -2.8 9.52e+000  -3.2 4.30e-001 6.05e-002h  3
 561 2.5326558e+000 2.37e+002 1.10e+001  -2.8 1.32e+001  -3.7 1.97e-001 4.73e-001h  2
 562 2.5361367e+000 1.81e+002 9.58e+000  -2.8 2.69e+000  -2.3 5.33e-001 2.33e-001h  1
 563 2.5488757e+000 1.09e+002 6.81e+000  -2.8 2.25e+000  -2.8 1.00e+000 3.83e-001h  1
 564 2.5941228e+000 1.83e+001 2.10e+000  -2.8 6.32e+000  -3.3 3.07e-001 1.00e+000h  1
 565 2.5916348e+000 3.34e+000 8.50e-001  -2.8 2.79e-001  -2.0 7.54e-001 1.00e+000h  1
 566 2.5840708e+000 1.07e+001 1.04e+000  -3.8 8.86e-002  -1.5 1.00e+000 1.00e+000h  1
 567 2.5683159e+000 9.36e+000 1.22e-001  -4.2 2.15e-001  -2.0 1.00e+000 8.95e-001h  1
 568 2.5391995e+000 3.86e+000 1.79e-001  -4.6 5.59e-001  -2.5 1.00e+000 1.00e+000h  1
 569 2.5150910e+000 2.54e+000 1.16e-001  -4.7 1.22e+000  -3.0 8.95e-001 3.54e-001h  1
iter    objective    inf_pr   inf_du lg(mu)  ||d||  lg(rg) alpha_du alpha_pr  ls
 570 2.4794388e+000 1.94e+000 8.63e-002  -4.7 2.92e+000  -3.4 1.00e+000 2.61e-001h  1
 571 2.4573770e+000 1.12e+000 4.85e-002  -4.7 1.19e+000  -3.0 1.00e+000 4.38e-001h  1
 572 2.4282272e+000 1.08e+000 5.58e-002  -4.7 3.35e+000  -3.5 1.00e+000 2.41e-001h  1
 573 2.4209404e+000 5.25e-002 5.31e-002  -4.7 1.83e-001  -2.2 1.00e+000 1.00e+000h  1
 574 2.4182846e+000 1.29e-001 1.24e-001  -4.3 1.36e-001  -1.7 1.00e+000 1.00e+000h  1
 575 2.4173370e+000 1.61e-001 6.35e-001  -3.8 1.03e-001  -1.3 1.00e+000 2.39e-001h  1
 576 2.4159371e+000 7.91e-002 5.26e-002  -4.0 1.09e-001  -1.8 1.00e+000 5.10e-001h  1
 577 2.4090894e+000 1.15e-001 5.78e-002  -4.1 2.19e-001  -2.3 9.91e-001 1.00e+000h  1
 578 2.3888700e+000 1.98e-001 4.48e-002  -4.5 6.12e-001  -2.7 9.97e-001 1.00e+000h  1
 579 2.3804217e+000 2.97e+000 7.31e-001  -3.4 5.86e+000  -3.2 3.82e-001 2.18e-001h  1
iter    objective    inf_pr   inf_du lg(mu)  ||d||  lg(rg) alpha_du alpha_pr  ls
 580 2.3429557e+000 2.49e+000 6.39e-001  -3.5 7.60e+000  -3.7 9.57e-001 3.51e-001h  1
 581 2.4635737e+000 1.75e+001 3.24e+000  -2.4 5.76e+000  -2.4 5.56e-001 1.00e+000f  1
 582 2.4597349e+000 1.40e+001 2.46e+000  -2.8 4.18e+000  -2.8 9.22e-001 2.11e-001h  1
 583 2.4593283e+000 1.05e+000 2.73e-001  -2.8 4.21e+000  -3.3 1.00e+000 1.00e+000h  1
 584 2.4569638e+000 1.06e+000 1.98e-001  -2.8 2.95e-001  -2.0 1.00e+000 1.00e+000h  1
 585 2.4557812e+000 1.10e+000 6.67e-001  -2.8 9.75e-001  -1.6 5.98e-001 1.46e-001h  2
 586 2.4533760e+000 8.41e-002 2.53e+000  -2.8 6.35e-002  -0.2 5.40e-001 1.00e+000h  1
 587 2.4530508e+000 3.01e-002 6.32e-002  -4.3 1.21e-002   0.2 1.00e+000 1.00e+000h  1
 588 2.4517083e+000 1.12e-002 1.40e-001  -5.3 1.05e-002  -0.3 1.00e+000 1.00e+000h  1
 589 2.4495588e+000 3.61e-002 4.75e-002  -6.3 3.42e-002  -0.8 1.00e+000 5.89e-001h  1
iter    objective    inf_pr   inf_du lg(mu)  ||d||  lg(rg) alpha_du alpha_pr  ls
 590 2.4492238e+000 3.48e-002 4.48e-002  -7.4 8.44e-002  -1.2 1.00e+000 5.75e-002h  1
 591 2.4457936e+000 1.23e-001 3.42e-002  -7.9 2.24e-001  -1.7 1.00e+000 2.41e-001h  1
 592 2.4194605e+000 4.42e+000 1.81e-001  -5.9 5.28e-001  -2.2 1.00e+000 9.63e-001h  1
 593 2.3809202e+000 5.58e+000 3.33e-001  -6.0 1.40e+000  -2.7 1.00e+000 8.47e-001h  1
 594 2.3889238e+000 2.54e+000 9.64e-001  -6.0 1.37e-001  -1.3 2.09e-001 1.00e+000h  1
 595 2.3861955e+000 2.70e+000 9.57e-001  -6.0 6.09e+000  -1.8 4.28e-001 3.63e-002h  1
 596 2.3677988e+000 2.15e+000 7.25e-001  -4.4 3.75e-001  -2.3 1.00e+000 9.40e-001f  1
 597 2.3595310e+000 3.56e+000 5.43e-001  -4.1 7.26e-001  -2.8 1.00e+000 5.34e-001h  1
 598 2.3261264e+000 1.79e+000 3.34e-001  -4.3 1.59e+000  -3.3 1.00e+000 4.47e-001h  1
 599 2.3065904e+000 2.15e+000 6.14e-001  -4.0 7.61e-001  -2.8 1.00e+000 7.75e-001h  1
iter    objective    inf_pr   inf_du lg(mu)  ||d||  lg(rg) alpha_du alpha_pr  ls
 600 2.2657464e+000 5.25e+000 8.86e-001  -3.7 1.56e+000  -3.3 1.00e+000 9.64e-001h  1
 601 2.2052271e+000 2.79e+000 5.36e-001  -4.0 2.85e+000  -3.8 1.00e+000 4.31e-001h  1
 602 2.2109858e+000 3.21e+000 1.56e+000  -2.8 5.70e+001  -4.3 1.00e+000 4.80e-002h  1
 603 2.2257765e+000 1.10e+001 5.15e-001  -2.9 9.75e+000    -  6.95e-001 6.62e-001h  1
 604 2.2515579e+000 2.30e+000 1.12e-001  -2.9 5.27e+000    -  6.22e-001 1.00e+000f  1
 605 2.2556672e+000 4.33e+000 9.40e-002  -2.9 5.15e+000    -  4.42e-001 3.01e-001H  1
 606 2.2602278e+000 7.23e-001 1.37e-002  -2.9 1.91e+000    -  1.00e+000 1.00e+000h  1
 607 1.8275601e+000 8.28e+001 1.59e+000  -3.3 6.55e+000    -  7.78e-001 1.00e+000h  1
 608 1.6743335e+000 6.29e+002 9.10e+000  -3.3 7.88e+000  -4.7 2.23e-001 9.47e-001h  1
 609 1.6730127e+000 6.14e+002 8.91e+000  -3.3 6.70e+001  -5.2 5.81e-002 1.50e-002h  4
iter    objective    inf_pr   inf_du lg(mu)  ||d||  lg(rg) alpha_du alpha_pr  ls
 610 1.6567886e+000 5.57e+002 8.18e+000  -3.3 4.78e+001  -5.7 2.84e-001 9.12e-002h  2
 611 1.6358232e+000 4.47e+002 6.82e+000  -3.3 2.55e+001  -5.3 1.92e-001 2.02e-001h  1
 612 1.6159927e+000 3.25e+002 5.01e+000  -3.3 3.11e+001    -  2.25e-001 2.64e-001h  2
 613 1.8053785e+000 1.93e+002 3.50e+000  -3.0 1.86e+001  -5.7 6.42e-001 3.29e-001h  1
 614 1.7850239e+000 1.53e+002 1.59e+000  -3.2 1.19e+001    -  5.45e-001 5.60e-001h  1
 615 1.7916551e+000 1.40e+002 1.39e+000  -3.2 6.24e+000  -2.6 9.30e-002 8.42e-002h  1
 616 1.7949408e+000 1.12e+002 1.08e+000  -3.2 1.06e+001  -3.1 5.66e-001 2.06e-001h  1
 617 1.7913931e+000 1.69e+002 2.70e+000  -3.2 2.99e+001  -3.6 2.59e-001 6.86e-002h  1
 618 1.7941429e+000 1.68e+002 2.69e+000  -3.2 3.12e+002  -4.0 5.32e-003 3.41e-003h  2
 619 1.7927520e+000 1.67e+002 2.66e+000  -3.2 1.72e+002  -4.5 1.73e-002 5.54e-003h  1
iter    objective    inf_pr   inf_du lg(mu)  ||d||  lg(rg) alpha_du alpha_pr  ls
 620 1.7880228e+000 1.59e+002 2.53e+000  -3.2 2.16e+001  -4.1 4.51e-002 4.59e-002f  1
 621 1.7857989e+000 1.28e+002 2.12e+000  -3.2 9.83e+000  -4.6 9.17e-001 1.84e-001f  1
 622 1.7846351e+000 9.59e+001 1.18e+000  -3.2 4.54e+000  -4.1 1.00e+000 1.00e+000h  1
 623 1.7803059e+000 1.46e+002 1.81e+000  -3.2 2.27e+002  -4.6 1.16e-002 9.73e-003h  1
 624 1.7651026e+000 1.27e+002 1.46e+000  -3.2 6.77e+000    -  1.00e+000 1.00e+000h  1
 625 1.7616647e+000 1.26e+002 1.45e+000  -3.2 2.99e+002  -5.1 3.90e-002 6.44e-003h  3
 626 1.7553716e+000 1.36e+002 1.57e+000  -3.2 2.29e+001    -  3.07e-001 2.21e-001h  2
 627 1.7608058e+000 1.02e+002 1.07e+000  -3.2 7.33e+000    -  9.24e-001 9.36e-001h  1
 628 1.7522001e+000 2.44e+002 2.47e+000  -3.2 1.72e+001    -  2.26e-001 2.35e-001h  1
 629 1.7499266e+000 1.14e+002 9.58e-001  -3.2 1.19e+001    -  5.44e-001 6.10e-001h  1
iter    objective    inf_pr   inf_du lg(mu)  ||d||  lg(rg) alpha_du alpha_pr  ls
 630 1.7645471e+000 4.81e+001 5.05e-001  -3.2 1.43e+001    -  3.90e-001 5.88e-001H  1
 631 1.7856985e+000 5.66e+000 2.05e-001  -3.2 1.50e+001    -  1.00e+000 1.00e+000h  1
 632 1.7782471e+000 1.63e+001 1.31e-001  -3.2 6.90e+000    -  1.00e+000 9.71e-001H  1
 633 1.7792418e+000 3.68e+000 5.05e-002  -3.2 7.84e+000    -  5.68e-001 7.52e-001h  1
 634 1.4711034e+000 7.45e+001 4.05e-001  -3.4 7.22e+000    -  9.97e-001 9.66e-001h  1
 635 1.8078098e+000 1.13e+002 4.89e-001  -3.2 7.13e+000  -5.6 1.00e+000 1.00e+000h  1
 636 1.6205599e+000 5.30e+001 2.42e-001  -3.3 4.38e+000    -  1.00e+000 1.00e+000h  1
 637 1.4316203e+000 6.88e+001 4.71e-001  -3.4 7.40e+000    -  1.00e+000 1.00e+000h  1
 638 1.7910407e+000 1.77e+002 7.13e-001  -3.2 8.65e+000  -5.1 1.00e+000 1.00e+000h  1
 639 1.6641040e+000 2.85e+001 1.57e-001  -3.2 3.79e+000    -  1.00e+000 1.00e+000h  1
iter    objective    inf_pr   inf_du lg(mu)  ||d||  lg(rg) alpha_du alpha_pr  ls
 640 1.4048599e+000 7.31e+001 4.63e-001  -3.5 7.17e+000    -  1.00e+000 1.00e+000h  1
 641 1.2869063e+000 3.72e+001 1.72e-001  -3.5 5.36e+000    -  1.00e+000 1.00e+000h  1
 642 1.1367086e+000 4.02e+001 1.80e-001  -3.7 6.42e+000    -  1.00e+000 1.00e+000h  1
 643 1.1189125e+000 8.97e+000 4.38e-002  -3.7 1.62e+001    -  1.00e+000 7.88e-001h  1
 644 1.1171245e+000 8.97e+000 4.28e-002  -3.7 5.36e+001    -  2.59e-001 2.80e-002h  2
 645 1.0277402e+000 2.35e+001 1.63e-001  -3.8 5.20e+000    -  1.00e+000 9.89e-001h  1
 646 9.9162403e-001 5.68e+000 1.92e-001  -3.8 5.57e+000    -  1.00e+000 9.93e-001h  1
 647 9.3678431e-001 4.86e+001 5.77e-001  -3.9 1.28e+001    -  9.98e-001 1.00e+000h  1
 648 8.9883944e-001 1.19e+001 7.61e-002  -4.1 3.84e+000  -4.7 1.00e+000 1.00e+000h  1
 649 8.8846786e-001 1.34e+000 1.10e-002  -4.1 1.28e+000  -4.3 1.00e+000 9.66e-001h  1
iter    objective    inf_pr   inf_du lg(mu)  ||d||  lg(rg) alpha_du alpha_pr  ls
 650 8.6932881e-001 9.07e+000 1.10e-001  -4.1 5.11e+000  -4.8 9.34e-001 8.93e-001h  1
 651 9.0024026e-001 4.82e+000 1.40e+000  -3.5 1.66e+000  -3.4 1.00e+000 1.00e+000h  1
 652 8.8368986e-001 3.83e+002 2.26e+000  -3.6 3.13e+000  -3.9 2.84e-001 1.00e+000h  1
 653 9.1268354e-001 2.87e+002 1.71e+000  -3.6 3.33e+001    -  3.29e-001 2.61e-001h  1
 654 1.0212594e+000 1.33e+002 2.62e-001  -3.6 3.42e+001    -  1.96e-001 6.37e-001h  1
 655 1.0656326e+000 1.22e+002 7.15e-001  -3.6 4.40e+001    -  2.91e-001 3.75e-001h  1
 656 1.0985966e+000 1.18e+002 7.76e-001  -3.6 3.89e+001    -  5.91e-001 6.33e-001h  1
 657 1.1031945e+000 1.56e+002 1.63e+000  -3.6 1.03e+001  -4.4 7.59e-002 4.04e-001h  1
 658 1.0923736e+000 2.39e+002 2.66e+000  -3.6 2.30e+001    -  3.54e-001 2.71e-001h  1
 659 1.1056116e+000 1.82e+002 1.96e+000  -3.6 6.07e+001    -  2.09e-001 2.37e-001h  1
iter    objective    inf_pr   inf_du lg(mu)  ||d||  lg(rg) alpha_du alpha_pr  ls
 660 1.1124569e+000 1.20e+002 1.34e+000  -3.6 2.20e+001    -  3.22e-001 3.24e-001H  1
 661 1.1168882e+000 1.08e+002 1.21e+000  -3.6 2.57e+001    -  1.84e-001 9.64e-002h  1
 662 1.1447648e+000 2.35e+001 8.08e-002  -3.6 1.24e+001    -  1.40e-001 1.00e+000h  1
 663 1.1420133e+000 2.36e+001 7.07e-002  -3.6 7.42e+001    -  5.48e-002 8.54e-002h  2
 664 1.1404396e+000 2.40e+001 7.43e-002  -3.6 2.13e+002    -  4.01e-002 1.43e-002h  3
 665 1.1395282e+000 2.13e+001 7.51e-002  -3.6 1.90e+001  -4.0 4.29e-001 1.23e-001h  1
 666 1.1384393e+000 1.04e+001 1.16e-001  -3.6 1.70e+001    -  4.12e-001 9.43e-001h  1
 667 1.1394549e+000 5.24e+000 5.39e-002  -3.6 1.38e+001  -4.5 1.00e+000 4.97e-001h  1
 668 1.1411360e+000 6.47e+000 6.37e-002  -3.6 1.54e+001    -  4.38e-002 4.05e-001f  2
 669 1.1430392e+000 1.24e+000 4.68e-002  -3.6 8.21e-001  -4.0 1.00e+000 1.00e+000h  1
iter    objective    inf_pr   inf_du lg(mu)  ||d||  lg(rg) alpha_du alpha_pr  ls
 670 1.1029415e+000 8.03e+000 1.21e-001  -3.7 2.25e+001    -  9.80e-001 7.80e-001h  1
 671 1.0179301e+000 8.34e+000 6.84e-002  -3.8 7.39e+000    -  1.00e+000 1.00e+000h  1
 672 1.0099509e+000 8.81e-001 1.26e-002  -3.8 3.50e+000    -  1.00e+000 1.00e+000h  1
 673 9.6184929e-001 5.06e+000 1.09e-001  -4.0 2.01e+000  -4.5 9.83e-001 1.00e+000h  1
 674 9.4640385e-001 6.52e+000 9.03e-002  -4.1 1.20e+001  -5.0 2.84e-001 1.70e-001h  1
 675 9.0216824e-001 1.48e+001 1.26e-001  -4.1 4.76e+000  -4.6 1.00e+000 1.00e+000f  1
 676 9.0147571e-001 1.14e+001 2.80e-001  -4.1 6.22e-001  -2.3 4.83e-001 2.26e-001h  1
 677 8.9977171e-001 5.38e-001 2.67e-001  -4.1 1.60e-001  -2.8 1.24e-001 1.00e+000h  1
 678 9.2669677e-001 3.28e+000 4.80e-001  -3.5 7.92e-001  -3.3 9.26e-001 1.00e+000h  1
 679 9.3976845e-001 9.47e-001 2.95e-002  -3.6 7.66e-001  -3.8 1.00e+000 1.00e+000h  1
iter    objective    inf_pr   inf_du lg(mu)  ||d||  lg(rg) alpha_du alpha_pr  ls
 680 9.4519521e-001 9.71e-001 3.08e-002  -3.6 8.36e+001    -  2.45e-002 2.33e-002h  1
 681 1.0338189e+000 1.01e+001 5.64e-002  -3.6 1.95e+001    -  7.42e-001 5.18e-001h  1
 682 1.0568339e+000 6.98e-001 6.78e-003  -3.6 9.60e-001  -4.2 1.00e+000 1.00e+000h  1
 683 1.0983810e+000 4.52e+000 4.99e-002  -3.6 3.72e+000  -4.7 1.00e+000 1.00e+000h  1
 684 1.1525894e+000 2.00e+001 1.54e-001  -3.6 5.12e+000    -  1.00e+000 1.00e+000h  1
 685 1.1525049e+000 9.37e-002 9.28e-004  -3.6 1.19e+000    -  1.00e+000 1.00e+000h  1
 686 1.0215426e+000 6.83e+001 5.59e-001  -3.8 1.46e+001    -  9.89e-001 8.31e-001h  1
 687 9.4836802e-001 1.16e+002 7.49e-001  -3.9 1.25e+001  -5.2 1.00e+000 9.67e-001h  1
 688 9.4508159e-001 1.11e+002 7.22e-001  -3.9 2.98e+002    -  1.00e-001 4.39e-002h  1
 689 9.0568494e-001 1.23e+001 1.35e-001  -3.9 5.18e+000    -  4.64e-001 8.79e-001h  1
iter    objective    inf_pr   inf_du lg(mu)  ||d||  lg(rg) alpha_du alpha_pr  ls
 690 9.0279803e-001 5.83e-001 2.12e-002  -3.9 1.89e+000    -  1.00e+000 1.00e+000f  1
 691 9.0184567e-001 4.34e-001 3.28e-002  -3.9 6.74e+000    -  5.19e-001 2.81e-001h  1
 692 9.0222831e-001 1.45e-002 6.01e-003  -3.9 1.00e+000    -  1.00e+000 1.00e+000f  1
 693 8.3079130e-001 9.99e+000 5.14e-002  -4.2 7.38e+000    -  9.87e-001 6.78e-001h  1
 694 7.7023983e-001 8.73e+000 5.10e-002  -4.2 8.34e+000    -  1.00e+000 9.93e-001h  1
 695 7.6792826e-001 4.16e+000 2.52e-002  -4.2 4.56e+000    -  7.07e-001 5.25e-001h  1
 696 7.1666610e-001 9.61e+000 7.41e-002  -4.4 6.05e+000    -  1.00e+000 9.89e-001h  1
 697 7.1191178e-001 1.36e+000 1.06e-002  -4.4 7.83e+000    -  1.00e+000 8.74e-001h  1
 698 7.0024304e-001 6.57e-001 4.58e-003  -4.5 3.59e+000    -  1.00e+000 9.83e-001h  1
 699 6.7982342e-001 2.47e+000 1.48e-002  -4.6 4.53e+000    -  1.00e+000 9.41e-001h  1
iter    objective    inf_pr   inf_du lg(mu)  ||d||  lg(rg) alpha_du alpha_pr  ls
 700 6.7945897e-001 2.42e+000 2.24e-002  -4.6 3.17e+001    -  2.37e-001 2.66e-002h  1
 701 6.7537614e-001 2.64e-001 1.24e-002  -4.6 1.61e+000  -4.8 1.00e+000 9.93e-001h  1
 702 6.8358415e-001 9.25e-001 2.36e-002  -4.1 5.10e-001  -3.4 1.00e+000 1.00e+000h  1
 703 6.8855093e-001 5.02e-001 7.13e-003  -4.2 5.93e-001  -3.9 1.00e+000 1.00e+000h  1
 704 7.2054932e-001 3.65e+000 7.27e-002  -4.2 7.77e+000    -  3.31e-001 6.57e-001h  1
 705 7.4615895e-001 2.41e+000 8.21e-003  -4.2 5.46e+000    -  8.72e-001 1.00e+000h  1
 706 7.4961615e-001 6.80e-002 1.28e-003  -4.2 5.52e+000    -  1.00e+000 1.00e+000h  1
 707 7.2501961e-001 1.74e+000 1.44e-002  -4.3 6.80e+000    -  9.74e-001 9.91e-001h  1
 708 7.0387837e-001 1.57e+000 1.06e-002  -4.4 3.94e+000    -  1.00e+000 1.00e+000h  1
 709 7.0272884e-001 2.58e-002 1.44e-004  -4.4 7.82e-001    -  1.00e+000 1.00e+000h  1
iter    objective    inf_pr   inf_du lg(mu)  ||d||  lg(rg) alpha_du alpha_pr  ls
 710 6.7435164e-001 4.32e+000 2.95e-002  -4.7 7.79e+000    -  9.99e-001 7.18e-001h  1
 711 7.0162556e-001 4.77e+000 2.80e-002  -4.4 4.82e+000    -  1.00e+000 1.00e+000h  1
 712 6.8565868e-001 2.23e+000 1.41e-002  -4.5 3.50e+000    -  1.00e+000 8.58e-001h  1
 713 6.8211722e-001 1.71e-001 8.43e-004  -4.5 2.08e+000    -  1.00e+000 1.00e+000f  1
 714 6.6527204e-001 2.14e+000 6.44e-002  -4.8 7.56e+000    -  9.97e-001 5.69e-001h  1
 715 6.6876452e-001 1.87e+000 1.71e-001  -4.5 7.55e+000    -  1.00e+000 1.86e-001h  1
 716 6.6372514e-001 3.74e-001 1.42e-003  -4.8 4.84e-001  -4.4 1.00e+000 1.00e+000h  1
 717 6.5549650e-001 1.01e+000 3.95e-003  -4.9 1.38e+000  -4.9 1.00e+000 9.60e-001h  1
 718 6.6278837e-001 1.46e+000 7.78e-003  -4.7 8.17e-001  -5.3 1.00e+000 1.00e+000h  1
 719 6.5831494e-001 1.11e+000 2.40e-001  -4.8 2.00e+001    -  9.54e-001 5.01e-001h  1
iter    objective    inf_pr   inf_du lg(mu)  ||d||  lg(rg) alpha_du alpha_pr  ls
 720 6.5506911e-001 4.77e-001 9.60e-002  -4.8 3.18e+000  -5.8 1.00e+000 7.89e-001f  1
 721 6.5170427e-001 3.20e-001 4.65e-003  -4.9 9.15e-001  -4.5 1.00e+000 9.66e-001f  1
 722 6.4718061e-001 6.69e-001 4.74e-003  -5.4 8.96e-001  -4.1 1.00e+000 9.87e-001h  1
 723 6.4547738e-001 7.49e-002 1.87e-003  -5.0 6.48e-001  -4.5 1.00e+000 1.00e+000h  1
 724 6.4652005e-001 1.92e-001 4.14e-001  -4.8 2.66e+001    -  6.47e-001 1.45e-001h  1
 725 6.4438590e-001 5.30e-002 7.85e-004  -5.0 6.99e-001  -5.0 1.00e+000 1.00e+000h  1
 726 6.3750319e-001 1.11e+000 1.24e-002  -5.1 7.00e+000    -  9.27e-001 6.66e-001h  1
 727 6.3190703e-001 1.01e+000 3.80e-003  -5.1 3.83e+000    -  1.00e+000 1.00e+000h  1
 728 6.2906812e-001 2.72e-001 1.74e-003  -5.2 1.15e+000  -5.5 1.00e+000 1.00e+000h  1
 729 6.2581401e-001 3.01e-001 1.35e-003  -5.3 3.33e+000  -6.0 1.00e+000 9.92e-001h  1
iter    objective    inf_pr   inf_du lg(mu)  ||d||  lg(rg) alpha_du alpha_pr  ls
 730 6.2301771e-001 3.36e-001 2.75e-003  -5.5 2.21e+000  -5.5 1.00e+000 9.94e-001h  1
 731 6.2198923e-001 3.06e-002 8.70e-004  -5.5 7.94e-001  -5.1 1.00e+000 1.00e+000h  1
 732 6.2533596e-001 7.43e-001 4.85e-003  -5.3 1.23e+000  -5.6 1.00e+000 1.00e+000h  1
 733 6.2465738e-001 4.61e-001 1.03e-002  -5.4 3.70e+000  -6.1 7.31e-001 4.16e-001h  1
 734 6.2363664e-001 1.78e-001 6.84e-003  -5.4 1.06e+001  -6.5 1.00e+000 8.67e-001F  1
 735 6.2344218e-001 6.57e-002 1.95e-003  -5.4 6.81e+000    -  1.00e+000 8.65e-001f  1
 736 6.2342526e-001 2.62e-003 1.81e-004  -5.4 4.11e-001  -5.2 1.00e+000 1.00e+000f  1
 737 6.2271927e-001 1.13e-002 2.20e-003  -5.4 9.31e+000    -  6.93e-001 1.00e+000H  1
 738 6.2069432e-001 2.73e-001 1.36e-003  -5.5 3.00e+000    -  1.00e+000 1.00e+000h  1
 739 6.1848816e-001 4.23e-001 2.10e-003  -5.7 5.56e+000    -  1.00e+000 1.00e+000h  1
iter    objective    inf_pr   inf_du lg(mu)  ||d||  lg(rg) alpha_du alpha_pr  ls
 740 6.1772961e-001 5.68e-002 4.49e-004  -5.8 1.51e+000    -  9.98e-001 1.00e+000h  1
 741 6.1731702e-001 3.15e-002 1.35e-004  -5.8 1.26e+000    -  1.00e+000 1.00e+000h  1
 742 6.1643633e-001 1.35e-001 5.32e-004  -6.0 1.64e+000    -  1.00e+000 1.00e+000h  1
 743 6.1569912e-001 1.77e-001 7.54e-004  -6.3 2.04e+000    -  1.00e+000 1.00e+000h  1
 744 6.1540414e-001 9.32e-002 4.44e-004  -6.5 1.29e+000    -  1.00e+000 1.00e+000h  1
 745 6.1532829e-001 1.46e-002 1.11e-004  -6.6 1.06e+000    -  1.00e+000 1.00e+000h  1
 746 6.1516107e-001 3.97e-002 1.86e-004  -6.9 9.51e-001    -  1.00e+000 9.99e-001h  1
 747 6.1514022e-001 1.12e-003 7.32e-006  -7.0 2.90e-001    -  1.00e+000 1.00e+000h  1
 748 6.1511697e-001 4.61e-004 7.96e-005  -7.1 2.65e-001    -  1.00e+000 9.33e-001h  1
 749 6.1509264e-001 7.88e-004 8.30e-004  -7.5 4.54e-001    -  1.00e+000 6.60e-001h  1
iter    objective    inf_pr   inf_du lg(mu)  ||d||  lg(rg) alpha_du alpha_pr  ls
 750 6.1507244e-001 3.29e-004 2.97e-005  -7.8 4.70e-001    -  1.00e+000 9.81e-001h  1
 751 6.1506750e-001 2.30e-005 6.46e-006  -8.2 2.29e-001    -  1.00e+000 9.92e-001h  1
 752 6.1506497e-001 6.74e-006 1.98e-005  -8.7 1.19e-001    -  1.00e+000 9.57e-001h  1
 753 6.1506392e-001 1.54e-006 4.39e-006  -9.4 5.48e-002    -  1.00e+000 9.83e-001h  1
 754 6.1506369e-001 1.30e-007 4.34e-008 -10.4 1.41e-002    -  1.00e+000 1.00e+000h  1

Number of Iterations....: 754

                                   (scaled)                 (unscaled)
Objective...............:  6.1506368639196818e-001   6.1506368639196818e-001
Dual infeasibility......:  4.3389791050302074e-008   4.3389791050302074e-008
Constraint violation....:  5.0748669849776107e-009   1.3041484159259653e-007
Complementarity.........:  2.4161158979965676e-010   2.4161158979965676e-010
Overall NLP error.......:  4.3389791050302074e-008   1.3041484159259653e-007


Number of objective function evaluations             = 875
Number of objective gradient evaluations             = 754
Number of equality constraint evaluations            = 875
Number of inequality constraint evaluations          = 875
Number of equality constraint Jacobian evaluations   = 762
Number of inequality constraint Jacobian evaluations = 762
Number of Lagrangian Hessian evaluations             = 754
Total CPU secs in IPOPT (w/o function evaluations)   =    323.422
Total CPU secs in NLP function evaluations           =     56.709

EXIT: Optimal Solution Found.
               t_proc [s]   t_wall [s]    n_eval
       nlp_f        0.239        0.265       875
       nlp_g         1.76         1.76       875
  nlp_grad_f        0.629        0.648       755
  nlp_hess_l         35.9         35.9       747
   nlp_jac_g         17.9         17.9       763
      solver          380          380         1
