This is Ipopt version 3.12.3, running with linear solver ma86.

Number of nonzeros in equality constraint Jacobian...:    81928
Number of nonzeros in inequality constraint Jacobian.:     3600
Number of nonzeros in Lagrangian Hessian.............:    50323

Total number of variables............................:    13807
                     variables with only lower bounds:        0
                variables with lower and upper bounds:    13807
                     variables with only upper bounds:        0
Total number of equality constraints.................:    12857
Total number of inequality constraints...............:     1800
        inequality constraints with only lower bounds:      900
   inequality constraints with lower and upper bounds:        0
        inequality constraints with only upper bounds:      900

iter    objective    inf_pr   inf_du lg(mu)  ||d||  lg(rg) alpha_du alpha_pr  ls
   0 3.9731107e-001 3.75e+003 9.34e-001   0.0 0.00e+000    -  0.00e+000 0.00e+000   0
   1 4.3810345e-001 3.08e+003 1.08e+003  -0.0 3.48e+001    -  1.40e-001 1.72e-001f  1
   2 4.4547540e-001 3.02e+003 1.06e+003   1.1 3.31e+001   0.0 2.60e-001 1.93e-002f  1
   3 4.5649419e-001 4.33e+003 6.42e+004   1.2 9.49e+001    -  1.65e-001 1.07e-001f  1
   4 4.8197778e-001 4.08e+003 6.06e+004   0.7 3.77e+001   0.4 1.06e-001 5.75e-002f  1
   5 5.2254031e-001 3.72e+003 5.53e+004   0.7 3.45e+001  -0.1 8.51e-002 9.02e-002f  1
   6 5.7182909e-001 3.12e+003 4.63e+004   0.7 4.77e+001  -0.5 5.20e-002 1.70e-001f  1
   7 6.5121966e-001 2.60e+003 3.88e+004   0.7 2.48e+001  -0.1 5.10e-002 1.77e-001f  1
   8 7.4211073e-001 2.21e+003 3.69e+004   0.7 3.21e+001  -0.6 1.65e-001 1.62e-001f  1
   9 8.5486733e-001 1.78e+003 3.04e+004   0.7 2.04e+001  -0.2 3.36e-001 2.13e-001f  1
iter    objective    inf_pr   inf_du lg(mu)  ||d||  lg(rg) alpha_du alpha_pr  ls
  10 9.2790521e-001 1.68e+003 2.96e+004   0.7 9.64e+000   1.2 2.27e-001 5.29e-002h  1
  11 1.0148677e+000 1.58e+003 2.96e+004   0.7 1.24e+001   1.6 5.84e-002 6.45e-002h  1
  12 1.0988975e+000 1.50e+003 2.86e+004   0.7 9.18e+000   1.1 2.86e-001 5.11e-002h  1
  13 1.3651714e+000 1.34e+003 6.50e+004   0.7 5.81e+000   1.6 5.93e-001 1.09e-001h  1
  14 1.4779464e+000 1.28e+003 2.11e+005   0.7 5.72e+000   2.0 3.90e-001 4.36e-002h  1
  15 1.5416343e+000 1.25e+003 1.81e+005   0.7 6.54e+000   2.4 1.60e-002 2.35e-002h  1
  16 1.6743661e+000 1.20e+003 4.61e+004   0.7 5.49e+000   2.8 1.35e-002 4.16e-002h  1
  17 1.7158715e+000 1.18e+003 4.67e+006   0.7 5.97e+000   3.3 3.51e-001 1.36e-002h  1
  18 1.8595873e+000 1.10e+003 4.32e+006   0.7 9.49e+000   2.8 3.44e-002 6.90e-002h  1
  19 1.8671280e+000 1.10e+003 3.93e+007   0.7 6.99e+000   4.1 3.27e-001 2.94e-003h  1
iter    objective    inf_pr   inf_du lg(mu)  ||d||  lg(rg) alpha_du alpha_pr  ls
  20 1.9393519e+000 1.05e+003 3.76e+007   0.7 9.29e+000   3.6 1.53e-001 4.38e-002h  1
  21 1.9478819e+000 1.04e+003 1.12e+008   0.7 7.79e+000   5.0 1.46e-001 5.96e-003h  1
  22 1.9747836e+000 1.02e+003 4.26e+008   0.7 7.93e+000   5.4 2.44e-001 2.10e-002h  1
  23 1.9921099e+000 1.00e+003 1.25e+009   0.7 7.76e+000   5.8 2.16e-001 1.75e-002h  1
  24 2.0289927e+000 9.65e+002 1.20e+009   0.7 7.74e+000   5.3 1.31e-001 3.89e-002h  1
  25 2.0294692e+000 9.64e+002 1.38e+009   0.7 6.01e+000   5.8 8.95e-002 1.30e-003h  1
  26 2.0342613e+000 9.14e+002 1.33e+009   0.7 9.48e+000   5.3 8.67e-003 5.07e-002h  1
  27 2.0505050e+000 8.97e+002 1.46e+009   0.7 6.89e+000   5.7 6.49e-002 1.89e-002h  1
  28 2.0731639e+000 8.75e+002 2.14e+009   0.7 7.22e+000   6.1 9.08e-002 2.38e-002h  1
  29 2.0733796e+000 8.75e+002 2.15e+009   0.7 7.10e+000   6.6 3.71e-004 2.33e-004h  1
iter    objective    inf_pr   inf_du lg(mu)  ||d||  lg(rg) alpha_du alpha_pr  ls
  30 2.0734064e+000 8.75e+002 2.16e+009   0.7 7.22e+000   6.1 6.48e-004 3.65e-005h  1
  31 2.0737338e+000 8.75e+002 6.85e+009   0.7 6.19e+000   6.5 1.13e-001 3.96e-004h  1
  32 2.0935873e+000 8.52e+002 6.46e+009   0.7 7.82e+000   6.0 2.28e-003 2.67e-002h  1
  33 2.0939405e+000 8.51e+002 7.32e+009   0.7 7.68e+000   6.5 2.06e-002 5.02e-004h  1
  34 2.0758483e+000 8.48e+002 6.86e+009   0.7 2.06e+002   6.0 8.18e-005 3.47e-003f  1
  35 2.0972649e+000 8.31e+002 8.50e+009   0.7 6.30e+000   6.4 9.04e-002 2.01e-002h  1
  36 2.1127067e+000 8.17e+002 1.15e+010   0.7 6.19e+000   6.8 5.86e-002 1.73e-002h  1
  37 2.1208333e+000 8.07e+002 1.28e+010   0.7 7.30e+000   7.3 1.85e-002 1.19e-002h  1
  38 2.1295605e+000 7.98e+002 5.60e+009   0.7 9.08e+000   7.7 7.72e-005 1.15e-002h  1
  39 2.1248273e+000 7.93e+002 3.85e+009   0.7 3.23e+001   7.2 3.29e-006 6.80e-003f  1
iter    objective    inf_pr   inf_du lg(mu)  ||d||  lg(rg) alpha_du alpha_pr  ls
  40 2.1258044e+000 7.92e+002 3.85e+009   0.7 6.23e+001   6.7 9.22e-004 8.95e-004h  1
  41 2.1258857e+000 7.92e+002 1.60e+010   0.7 1.01e+001   7.2 8.81e-002 7.67e-005h  1
  42 2.1259703e+000 7.92e+002 1.61e+010   0.7 2.61e+001   6.7 1.30e-002 6.85e-005h  1
  43 2.1393208e+000 7.82e+002 2.63e+010   0.7 1.07e+001   7.1 1.08e-001 1.20e-002h  1
  44 2.1482152e+000 7.67e+002 2.53e+010   0.7 1.46e+001   6.6 1.27e-003 1.98e-002h  1
  45 2.1485095e+000 7.67e+002 2.61e+010   0.7 6.16e+000   7.1 8.76e-003 3.77e-004h  1
  46 2.1486131e+000 7.67e+002 2.58e+010   0.7 9.40e+000   6.6 6.81e-002 2.23e-004h  1
  47 2.1632788e+000 7.53e+002 2.43e+010   0.7 9.05e+000   7.0 6.66e-003 1.75e-002h  1
  48 2.1626204e+000 7.49e+002 2.44e+010   0.7 3.40e+001   6.5 9.98e-004 5.14e-003h  1
  49 2.1626925e+000 7.49e+002 3.48e+010   0.7 8.74e+000   7.0 1.50e-001 1.00e-004h  1
iter    objective    inf_pr   inf_du lg(mu)  ||d||  lg(rg) alpha_du alpha_pr  ls
  50 2.1644686e+000 7.49e+002 3.48e+010   0.7 1.69e+003   6.5 1.35e-004 1.07e-004h  1
  51 2.2007687e+000 7.21e+002 3.18e+010   0.7 8.58e+000   6.9 2.77e-003 3.81e-002h  1
  52 2.2007904e+000 7.21e+002 5.97e+010   0.7 8.11e+000   7.3 1.28e-001 2.50e-005h  1
  53 2.2013174e+000 7.20e+002 5.95e+010   0.7 7.85e+000   6.8 1.30e-001 7.37e-004h  1
  54 2.2053229e+000 7.17e+002 6.60e+010   0.7 8.26e+000   7.3 4.75e-002 5.31e-003h  1
  55 2.2207668e+000 6.98e+002 6.48e+010   0.7 7.77e+000   6.8 1.76e-003 2.63e-002h  1
  56 2.2226886e+000 6.95e+002 6.41e+010   0.7 8.04e+000   7.2 1.61e-005 3.40e-003h  1
  57 2.2274612e+000 6.90e+002 6.37e+010   0.7 9.67e+000   6.7 3.65e-003 8.48e-003h  1
  58 2.2298671e+000 6.87e+002 7.54e+010   0.7 7.84e+000   7.2 1.02e-001 3.89e-003h  1
  59 2.2329198e+000 6.84e+002 7.37e+010   0.7 1.21e+001   6.7 2.62e-002 4.44e-003h  1
iter    objective    inf_pr   inf_du lg(mu)  ||d||  lg(rg) alpha_du alpha_pr  ls
  60 2.2333915e+000 6.83e+002 7.41e+010   0.7 7.82e+000   7.1 5.86e-003 7.10e-004h  1
  61 2.2396794e+000 6.79e+002 7.40e+010   0.7 1.80e+001   6.6 8.99e-004 6.17e-003h  1
  62 2.2398243e+000 6.79e+002 7.43e+010   0.7 8.01e+000   7.1 3.33e-003 2.29e-004h  1
  63 2.2489066e+000 6.74e+002 6.97e+010   0.7 1.70e+001   6.6 5.59e-002 7.53e-003h  1
  64 2.2668579e+000 6.61e+002 6.76e+010   0.7 7.97e+000   7.0 7.48e-003 1.94e-002h  1
  65 2.2763004e+000 6.60e+002 6.65e+010   0.7 1.83e+002   6.5 4.00e-003 1.73e-003h  1
  66 2.2767734e+000 6.59e+002 6.65e+010   0.7 6.35e+000   7.0 4.85e-004 5.99e-004h  1
  67 2.2768500e+000 6.59e+002 9.02e+010   0.7 7.03e+000   7.4 7.54e-002 1.02e-004h  1
  68 2.2774158e+000 6.59e+002 9.02e+010   0.7 6.61e+000   6.9 9.47e-004 8.14e-004h  1
  69 2.2774472e+000 6.59e+002 9.57e+010   0.7 8.59e+000   7.3 1.58e-002 1.19e-004h  1
iter    objective    inf_pr   inf_du lg(mu)  ||d||  lg(rg) alpha_du alpha_pr  ls
  70 2.2787691e+000 6.54e+002 9.51e+010   0.7 8.72e+000   6.9 4.52e-003 6.30e-003h  1
  71 2.2788105e+000 6.54e+002 1.37e+011   0.7 8.64e+000   7.3 1.36e-001 1.75e-004h  1
  72 2.2887920e+000 6.27e+002 1.32e+011   0.7 8.00e+000   6.8 1.18e-002 4.18e-002h  1
  73 2.2927574e+000 6.18e+002 1.49e+011   0.7 7.30e+000   7.2 9.95e-002 1.48e-002h  1
  74 2.3078828e+000 5.98e+002 1.42e+011   0.7 1.19e+001   6.8 6.35e-002 3.26e-002h  1
  75 2.3081423e+000 5.98e+002 1.51e+011   0.7 6.43e+000   7.2 7.27e-002 6.01e-004h  1
  76 2.3081971e+000 5.98e+002 1.45e+011   0.7 8.25e+000   6.7 6.58e-002 2.23e-004h  1
  77 2.3146232e+000 5.85e+002 1.43e+011   0.7 7.78e+000   7.1 3.08e-002 2.15e-002h  1
  78 2.3148544e+000 5.84e+002 1.29e+011   0.7 8.58e+000   6.7 1.43e-001 1.80e-003h  1
  79 2.3214406e+000 5.65e+002 1.27e+011   0.7 7.79e+000   7.1 6.21e-002 3.30e-002h  1
iter    objective    inf_pr   inf_du lg(mu)  ||d||  lg(rg) alpha_du alpha_pr  ls
  80 2.3285938e+000 5.48e+002 1.14e+011   0.7 1.13e+001   6.6 1.05e-001 2.99e-002h  1
  81 2.3322005e+000 5.43e+002 1.16e+011   0.7 7.01e+000   7.0 1.05e-001 9.60e-003h  1
  82 2.3479609e+000 5.23e+002 1.01e+011   0.7 6.59e+000   7.5 9.21e-003 3.74e-002h  1
  83 2.3490775e+000 5.22e+002 9.98e+010   0.7 8.05e+000   7.0 3.69e-002 1.80e-003h  1
  84 2.3506735e+000 5.19e+002 1.48e+011   0.7 6.28e+000   7.4 1.72e-001 4.31e-003h  1
  85 2.3598949e+000 5.05e+002 1.46e+011   0.7 8.01e+000   6.9 4.20e-003 2.71e-002h  1
  86 2.3602267e+000 5.05e+002 1.46e+011   0.7 6.19e+000   7.4 3.02e-003 1.01e-003h  1
  87 2.3627910e+000 5.00e+002 1.46e+011   0.7 9.61e+000   6.9 7.78e-004 1.07e-002h  1
  88 2.3668117e+000 4.94e+002 1.45e+011   0.7 6.19e+000   7.3 2.15e-002 1.20e-002h  1
  89 2.3669586e+000 4.93e+002 1.43e+011   0.7 1.25e+001   6.8 1.70e-002 6.94e-004h  1
iter    objective    inf_pr   inf_du lg(mu)  ||d||  lg(rg) alpha_du alpha_pr  ls
  90 2.3684945e+000 4.91e+002 1.48e+011   0.7 6.23e+000   7.3 7.98e-002 4.62e-003h  1
  91 2.3703964e+000 4.86e+002 1.47e+011   0.7 1.69e+001   6.8 1.16e-002 1.07e-002h  1
  92 2.3709129e+000 4.85e+002 1.50e+011   0.7 6.68e+000   7.2 8.81e-002 1.50e-003h  1
  93 2.3719691e+000 4.81e+002 1.45e+011   0.7 4.92e+001   6.7 2.14e-002 8.39e-003h  1
  94 2.3727739e+000 4.80e+002 1.43e+011   0.7 6.58e+000   7.2 1.65e-001 1.97e-003h  1
  95 2.3824238e+000 4.70e+002 1.33e+011   3.4 5.58e+000   7.6 3.05e-003 2.13e-002f  1
  96 2.3909842e+000 4.61e+002 1.28e+011   3.4 7.63e+000   7.1 7.32e-002 1.90e-002h  1
  97 2.3946365e+000 4.58e+002 1.86e+011   3.4 5.58e+000   7.5 2.17e-001 7.28e-003h  1
  98 2.4116084e+000 4.42e+002 1.78e+011   3.4 8.78e+000   7.1 4.83e-002 3.48e-002h  1
  99 2.4119120e+000 4.42e+002 1.92e+011   3.4 5.44e+000   7.5 9.79e-002 6.00e-004h  1
iter    objective    inf_pr   inf_du lg(mu)  ||d||  lg(rg) alpha_du alpha_pr  ls
 100 2.4232402e+000 4.31e+002 1.90e+011   3.4 6.80e+000   7.0 2.21e-003 2.30e-002h  1
 101 2.4274170e+000 4.28e+002 2.05e+011   3.4 5.77e+000   7.4 1.57e-001 7.92e-003h  1
 102 2.4364098e+000 4.20e+002 2.03e+011   3.4 7.81e+000   7.0 7.91e-003 1.78e-002h  1
 103 2.4427751e+000 4.15e+002 2.21e+011   3.4 6.11e+000   7.4 3.66e-001 1.19e-002h  1
 104 2.4491824e+000 4.09e+002 2.17e+011   3.4 9.84e+000   6.9 1.60e-002 1.59e-002h  1
 105 2.4528533e+000 4.05e+002 2.15e+011   3.4 6.34e+000   7.3 1.19e-002 8.81e-003h  1
 106 2.4528285e+000 4.05e+002 2.15e+011   3.4 4.44e+002   6.8 4.90e-004 1.42e-005h  1
 107 2.4531263e+000 4.05e+002 2.15e+011   3.4 7.28e+000   7.3 5.02e-003 9.23e-004h  1
 108 2.4586676e+000 3.99e+002 2.06e+011   3.4 6.04e+000   7.7 5.07e-004 1.44e-002h  1
 109 2.4635883e+000 3.92e+002 1.85e+011   3.4 7.41e+000   7.2 1.88e-001 1.91e-002h  1
iter    objective    inf_pr   inf_du lg(mu)  ||d||  lg(rg) alpha_du alpha_pr  ls
 110 2.4671276e+000 3.85e+002 1.85e+011   3.4 6.09e+000   7.6 2.72e-002 1.63e-002h  1
 111 2.4761668e+000 3.70e+002 1.81e+011   3.4 8.45e+000   7.2 1.27e-002 4.02e-002h  1
 112 2.4770211e+000 3.68e+002 2.13e+011   2.7 6.09e+000   7.6 1.83e-001 3.92e-003h  1
 113 2.4792541e+000 3.61e+002 2.12e+011   3.4 9.62e+000   7.1 5.05e-003 1.94e-002h  1
 114 2.4821410e+000 3.55e+002 3.02e+011   3.3 6.13e+000   7.5 1.00e+000 1.73e-002h  1
 115 2.4874961e+000 3.42e+002 2.80e+011   3.4 5.86e+000   8.0 2.08e-002 3.67e-002h  1
 116 2.4891113e+000 3.29e+002 2.69e+011   3.4 6.05e+000   7.5 3.37e-002 3.98e-002h  1
 117 2.4894573e+000 3.28e+002 4.29e+011   3.4 5.76e+000   7.9 3.12e-001 3.10e-003h  1
 118 2.5045644e+000 2.97e+002 5.11e+011   3.4 5.65e+000   8.3 1.60e-001 9.75e-002h  1
 119 2.5059330e+000 2.95e+002 5.09e+011   3.4 8.07e+000   7.9 3.74e-003 6.32e-003h  1
iter    objective    inf_pr   inf_du lg(mu)  ||d||  lg(rg) alpha_du alpha_pr  ls
 120 2.5064360e+000 2.94e+002 5.04e+011   3.4 5.13e+000   8.3 9.07e-005 3.22e-003h  1
 121 2.5094572e+000 2.88e+002 1.07e+012   2.6 5.13e+000   8.7 1.41e-001 1.95e-002h  1
 122 2.5374291e+000 2.55e+002 9.37e+011   3.4 4.97e+000   8.2 1.33e-003 1.21e-001h  1
 123 2.5375878e+000 2.54e+002 1.97e+012   3.4 4.25e+000   8.7 3.25e-001 1.56e-003h  1
 124 2.5383490e+000 2.52e+002 2.24e+012   3.4 4.26e+000   9.1 3.53e-002 6.99e-003h  1
 125 2.5403917e+000 2.48e+002 2.61e+012   3.0 4.23e+000   8.6 3.47e-001 1.96e-002h  1
 126 2.5437235e+000 2.41e+002 2.33e+012   3.4 4.16e+000   9.0 1.57e-003 2.81e-002h  1
 127 2.5453364e+000 2.38e+002 2.30e+012   3.4 3.92e+000   8.6 2.38e-004 1.29e-002h  1
 128 2.5464288e+000 2.36e+002 1.78e+012   3.4 4.73e+000   8.1 2.20e-001 7.54e-003h  1
 129 2.5501447e+000 2.29e+002 1.73e+012   3.4 3.59e+000   8.5 3.05e-002 2.84e-002h  1
iter    objective    inf_pr   inf_du lg(mu)  ||d||  lg(rg) alpha_du alpha_pr  ls
 130 2.5524091e+000 2.26e+002 1.68e+012   2.6 4.66e+000   8.0 2.77e-002 1.33e-002h  1
 131 2.5525368e+000 2.26e+002 1.68e+012   3.4 3.49e+000   8.5 7.74e-004 1.16e-003h  1
 132 2.5526022e+000 2.26e+002 1.76e+012  -2.5 3.61e+000   8.9 1.80e-002 6.48e-004h  1
 133 2.5550135e+000 2.21e+002 1.73e+012   3.4 3.49e+000   8.4 5.25e-004 2.16e-002h  1
 134 2.5550480e+000 2.21e+002 1.73e+012   3.4 3.78e+000   8.8 9.14e-004 3.08e-004h  1
 135 2.5550567e+000 2.21e+002 1.63e+012   3.4 3.74e+000   8.4 1.45e-001 8.22e-005h  1
 136 2.5573717e+000 2.16e+002 1.52e+012   3.4 3.83e+000   8.8 1.20e-003 2.20e-002h  1
 137 2.5575604e+000 2.16e+002 1.46e+012   3.4 3.71e+000   8.3 6.76e-002 1.66e-003h  1
 138 2.5581317e+000 2.14e+002 1.72e+012   1.9 3.84e+000   8.7 1.02e-001 5.28e-003h  1
 139 2.5675883e+000 1.99e+002 1.68e+012   3.4 3.72e+000   8.3 1.23e-003 7.35e-002h  1
iter    objective    inf_pr   inf_du lg(mu)  ||d||  lg(rg) alpha_du alpha_pr  ls
 140 2.5680066e+000 1.98e+002 1.68e+012   3.4 3.70e+000   8.7 1.01e-003 3.06e-003h  1
 141 2.5675015e+000 1.97e+002 1.68e+012   3.4 3.69e+001   8.2 2.17e-004 4.66e-003h  1
 142 2.5679781e+000 1.97e+002 1.72e+012  -2.5 3.62e+000   8.6 5.34e-002 3.43e-003h  1
 143 2.5755558e+000 1.87e+002 1.23e+012   3.4 3.74e+000   9.1 7.80e-004 5.08e-002h  1
 144 2.5756484e+000 1.87e+002 1.22e+012   3.4 3.58e+000   9.5 3.47e-004 7.16e-004h  1
 145 2.5756621e+000 1.87e+002 2.25e+012   1.9 3.53e+000   9.9 1.45e-002 1.03e-004h  1
 146 2.5839629e+000 1.74e+002 7.53e+011   3.4 3.54e+000   9.4 8.58e-004 6.58e-002h  1
 147 2.5845457e+000 1.74e+002 2.80e+012   3.4 3.36e+000   9.9 3.86e-002 4.44e-003h  1
 148 2.5846016e+000 1.74e+002 3.56e+012   3.4 3.24e+000   9.4 5.15e-002 5.54e-004h  1
 149 2.5860665e+000 1.72e+002 1.22e+013   3.4 3.34e+000   9.8 1.87e-001 1.13e-002h  1
iter    objective    inf_pr   inf_du lg(mu)  ||d||  lg(rg) alpha_du alpha_pr  ls
 150 2.5865492e+000 1.71e+002 1.21e+013   3.4 3.78e+000   9.3 3.76e-003 5.58e-003h  1
 151 2.5868966e+000 1.70e+002 1.21e+013   3.4 3.28e+000   9.8 1.02e-003 2.61e-003h  1
 152 2.5878115e+000 1.68e+002 1.19e+013   3.4 4.13e+000   9.3 3.21e-002 1.08e-002h  1
 153 2.5883385e+000 1.68e+002 1.25e+013   3.4 3.25e+000   9.7 2.37e-002 3.84e-003h  1
 154 2.5888265e+000 1.67e+002 1.08e+013   3.4 3.24e+000   9.2 5.87e-001 3.06e-003h  1
 155 2.6086325e+000 1.48e+002 1.05e+013   3.4 3.65e+000   8.8 2.77e-002 1.18e-001h  1
 156 2.6089053e+000 1.48e+002 7.15e+012   3.4 2.72e+000   9.2 7.04e-001 1.68e-003h  1
 157 2.6167613e+000 1.41e+002 7.07e+012   3.4 3.53e+000   8.7 1.74e-002 4.66e-002h  1
 158 2.6176672e+000 1.40e+002 7.04e+012   3.4 2.70e+000   9.1 2.81e-004 6.58e-003h  1
 159 2.6222449e+000 1.36e+002 5.64e+012   3.4 4.09e+000   8.7 1.68e-001 2.72e-002h  1
iter    objective    inf_pr   inf_du lg(mu)  ||d||  lg(rg) alpha_du alpha_pr  ls
 160 2.6299622e+000 1.29e+002 5.28e+012   3.4 2.70e+000   9.1 7.88e-002 5.48e-002h  1
 161 2.6411739e+000 1.22e+002 4.74e+012   3.4 8.17e+000   8.6 8.59e-002 5.30e-002h  1
 162 2.6493384e+000 1.15e+002 3.62e+012   3.4 2.78e+000   9.0 2.97e-001 5.97e-002h  1
 163 2.6501899e+000 1.14e+002 3.57e+012   3.4 2.46e+000   9.5 1.14e-003 6.42e-003h  1
 164 2.6503866e+000 1.14e+002 3.57e+012   3.4 2.86e+000   9.0 1.18e-004 1.36e-003h  1
 165 2.6504928e+000 1.14e+002 4.27e+012   3.4 2.50e+000   9.4 1.25e-001 7.95e-004h  1
 166 2.6556107e+000 1.10e+002 4.27e+012   3.4 2.98e+000   8.9 2.44e-003 3.38e-002h  1
 167 2.6561340e+000 1.10e+002 5.09e+012   3.4 2.48e+000   9.4 3.11e-001 3.78e-003h  1
 168 2.6750992e+000 9.86e+001 2.16e+012   3.4 3.11e+000   8.9 4.84e-001 1.07e-001h  1
 169 2.6752782e+000 9.84e+001 2.35e+012   3.4 2.41e+000   9.3 1.26e-001 1.13e-003h  1
iter    objective    inf_pr   inf_du lg(mu)  ||d||  lg(rg) alpha_du alpha_pr  ls
 170 2.6776556e+000 9.61e+001 2.17e+012   3.4 1.11e+001   8.8 4.68e-002 2.41e-002h  1
 171 2.6813424e+000 9.04e+001 2.02e+012   3.4 2.27e+000   9.2 1.45e-004 5.97e-002h  1
 172 2.6813776e+000 9.04e+001 2.02e+012   3.4 2.13e+000   9.7 1.28e-003 7.33e-004h  1
 173 2.6814380e+000 9.03e+001 1.99e+012   3.4 2.39e+000   9.2 2.36e-002 9.88e-004h  1
 174 2.6848025e+000 8.37e+001 1.20e+012   3.4 2.24e+000   9.6 1.60e-004 7.39e-002h  1
 175 2.6852301e+000 8.29e+001 1.18e+012   3.4 4.88e+000   9.1 1.50e-002 1.03e-002h  1
 176 2.6852423e+000 8.28e+001 1.39e+012   3.4 2.51e+000   9.6 3.65e-002 4.36e-004h  1
 177 2.6891375e+000 7.82e+001 1.55e+012   3.4 6.24e+000   9.1 1.14e-003 5.72e-002h  1
 178 2.6894229e+000 7.77e+001 1.55e+012   3.4 2.90e+000   9.5 1.16e-002 6.36e-003h  1
 179 2.6894340e+000 7.77e+001 1.53e+012   3.4 1.35e+001   9.0 2.11e-003 1.08e-004h  1
iter    objective    inf_pr   inf_du lg(mu)  ||d||  lg(rg) alpha_du alpha_pr  ls
 180 2.6895286e+000 7.75e+001 1.54e+012   3.4 3.13e+000   9.5 5.08e-003 2.01e-003h  1
 181 2.6896077e+000 7.75e+001 1.51e+012   3.4 3.79e+001   9.0 1.52e-003 3.90e-004h  1
 182 2.6896113e+000 7.75e+001 1.51e+012   3.4 2.65e+000   9.4 3.77e-004 8.45e-005h  1
 183 2.6896254e+000 7.74e+001 1.46e+012   3.4 3.81e+000   8.9 1.98e-002 3.26e-004h  1
 184 2.6901407e+000 7.64e+001 1.41e+012   3.4 2.57e+000   9.4 2.35e-003 1.36e-002h  1
 185 2.6905119e+000 7.59e+001 1.39e+012   3.4 4.14e+000   8.9 7.86e-003 7.00e-003h  1
 186 2.6905185e+000 7.58e+001 1.43e+012   3.4 2.57e+000   9.3 1.83e-002 1.39e-004h  1
 187 2.6917306e+000 7.47e+001 1.40e+012   3.4 4.70e+000   8.8 1.76e-002 1.52e-002h  1
 188 2.6934313e+000 7.30e+001 1.37e+012   3.4 2.35e+000   9.3 2.54e-002 2.35e-002h  1
 189 2.6963067e+000 7.14e+001 1.30e+012   3.4 7.33e+000   8.8 3.09e-002 2.11e-002h  1
iter    objective    inf_pr   inf_du lg(mu)  ||d||  lg(rg) alpha_du alpha_pr  ls
 190 2.6963369e+000 7.14e+001 1.25e+012   3.4 2.42e+000   9.2 9.21e-002 3.53e-004h  1
 191 2.7048891e+000 6.89e+001 1.35e+012   3.4 2.66e+001   8.7 4.15e-003 3.57e-002h  1
 192 2.7056543e+000 6.83e+001 1.34e+012   3.4 2.59e+000   9.2 2.81e-003 8.73e-003h  1
 193 2.7055855e+000 6.83e+001 1.34e+012   3.4 1.15e+002   8.7 1.77e-003 8.46e-005h  1
 194 2.7091597e+000 6.59e+001 1.24e+012   3.4 2.75e+000   9.1 6.18e-002 3.54e-002h  1
 195 2.7091954e+000 6.59e+001 1.24e+012   3.4 2.39e+000   9.5 2.36e-004 3.95e-004h  1
 196 2.7091974e+000 6.59e+001 1.24e+012   3.4 3.23e+000   9.1 1.30e-005 2.29e-005h  1
 197 2.7099367e+000 6.51e+001 1.37e+012   3.4 2.68e+000   9.5 3.73e-002 1.14e-002f  1
 198 2.7108846e+000 6.42e+001 9.76e+011   3.4 2.47e+000   9.9 1.62e-004 1.43e-002h  1
 199 2.7172738e+000 6.08e+001 5.33e+012   3.4 3.21e+000   9.4 9.38e-004 6.12e-002h  1
iter    objective    inf_pr   inf_du lg(mu)  ||d||  lg(rg) alpha_du alpha_pr  ls
 200 2.7173470e+000 6.08e+001 5.33e+012   3.4 2.30e+000   9.9 2.04e-002 6.00e-004h  1
 201 2.7173574e+000 6.08e+001 5.33e+012   3.4 2.39e+000   9.4 7.31e-004 8.77e-005h  1
 202 2.7173775e+000 6.07e+001 5.33e+012   3.4 2.03e+000   9.8 2.27e-005 2.18e-004h  1
 203 2.7174778e+000 6.07e+001 5.33e+012   3.4 2.94e+000   9.3 3.41e-002 8.26e-004h  1
 204 2.7185663e+000 6.00e+001 5.27e+012   3.4 2.01e+000   9.8 1.54e-004 1.12e-002h  1
 205 2.7185793e+000 6.00e+001 5.27e+012   3.4 5.54e+000   9.3 1.10e-003 8.41e-005h  1
 206 2.7185821e+000 6.00e+001 5.27e+012   3.4 2.03e+000   9.7 1.29e-002 3.06e-005h  1
 207 2.7218585e+000 5.88e+001 5.16e+012   3.4 6.87e+000   9.2 2.26e-003 1.95e-002h  1
 208 2.7219925e+000 5.88e+001 5.16e+012   3.4 2.02e+000   9.7 9.56e-003 1.23e-003h  1
 209 2.7219944e+000 5.88e+001 5.16e+012   3.4 2.00e+000   9.2 5.27e-003 1.37e-005h  1
iter    objective    inf_pr   inf_du lg(mu)  ||d||  lg(rg) alpha_du alpha_pr  ls
 210 2.7223399e+000 5.87e+001 5.15e+012   3.4 1.95e+001   8.7 9.34e-003 9.79e-004h  1
 211 2.7245817e+000 5.78e+001 5.07e+012   3.4 2.01e+000   9.1 2.11e-004 1.63e-002f  1
 212 2.7246094e+000 5.78e+001 5.07e+012   3.4 3.92e+001   8.7 1.51e-002 4.78e-005h  1
 213 2.7261206e+000 5.71e+001 5.01e+012   3.2 2.43e+000   9.1 1.02e-002 1.06e-002h  1
 214 2.7397526e+000 5.19e+001 4.55e+012   3.4 2.06e+000   9.5 8.97e-005 9.20e-002h  1
 215 2.7476561e+000 4.96e+001 4.35e+012   3.4 3.11e+000   9.0 1.13e-001 4.51e-002h  1
 216 2.7477413e+000 4.96e+001 4.34e+012   3.4 2.86e+000   9.5 3.26e-003 5.17e-004h  1
 217 2.7477481e+000 4.96e+001 4.34e+012  -2.5 2.63e+000   9.0 1.01e-002 5.14e-005h  1
 218 2.7486521e+000 4.91e+001 4.31e+012   3.4 2.56e+000   9.4 4.95e-005 8.48e-003f  1
 219 2.7486483e+000 4.91e+001 4.31e+012   3.4 3.27e+000   8.9 1.29e-003 1.79e-004h  1
iter    objective    inf_pr   inf_du lg(mu)  ||d||  lg(rg) alpha_du alpha_pr  ls
 220 2.7486476e+000 4.91e+001 4.31e+012   3.4 2.92e+000   9.4 2.22e-003 1.08e-005h  1
 221 2.7486233e+000 4.91e+001 4.30e+012   3.0 3.43e+000   8.9 1.49e-003 4.19e-004h  1
 222 2.7439969e+000 4.54e+001 3.98e+012   3.4 2.72e+000   9.3 6.98e-006 7.60e-002f  1
 223 2.7439422e+000 4.53e+001 3.97e+012   3.4 2.58e+000   9.7 3.15e-003 8.55e-004h  1
 224 2.7439036e+000 4.53e+001 3.97e+012   3.4 2.62e+000   9.2 3.41e-004 4.90e-004h  1
 225 2.7434391e+000 4.50e+001 3.95e+012   3.4 2.59e+000   9.7 9.09e-004 6.39e-003f  1
 226 2.7431253e+000 4.49e+001 3.93e+012   3.4 2.58e+000   9.2 4.63e-002 3.89e-003h  1
 227 2.7414059e+000 4.37e+001 3.83e+012   3.4 2.56e+000   9.6 1.64e-003 2.64e-002h  1
 228 2.7413804e+000 4.37e+001 3.83e+012   3.4 2.15e+000   9.1 6.43e-005 2.95e-004h  1
 229r2.7413804e+000 4.37e+001 1.00e+003   3.4 0.00e+000   9.6 0.00e+000 4.60e-007R  5
iter    objective    inf_pr   inf_du lg(mu)  ||d||  lg(rg) alpha_du alpha_pr  ls
 230r2.6737092e+000 4.93e+002 2.36e+004   1.5 2.20e+001    -  6.81e-001 3.37e-001f  1
 231r2.6712815e+000 1.48e+002 4.42e+004   1.1 4.45e-002   6.0 9.84e-001 1.00e+000f  1
 232r2.6706002e+000 5.42e+001 3.67e+003   0.2 1.08e-002   5.5 1.00e+000 1.00e+000f  1
 233 2.6692613e+000 3.91e+001 5.20e+001  -1.7 2.99e+000    -  3.19e-001 2.70e-001h  1
 234 2.6239937e+000 2.34e+001 2.66e+002  -1.7 2.74e+000    -  3.29e-001 7.56e-001h  1
 235 2.6240138e+000 2.34e+001 2.05e+005  -0.4 4.70e-001   9.1 9.99e-001 3.50e-004h  1
 236r2.6240138e+000 2.34e+001 1.00e+003   0.4 0.00e+000   8.6 0.00e+000 4.85e-007R  5
 237r2.6273729e+000 2.28e+001 9.88e+002   1.3 1.08e+003    -  1.28e-002 2.36e-003f  1
 238 2.5954701e+000 1.78e+001 1.70e+001  -1.3 1.25e+000    -  5.37e-001 2.25e-001f  1
 239 2.5302570e+000 1.04e+001 1.87e+002  -1.6 2.84e+000    -  6.20e-001 4.44e-001h  1
iter    objective    inf_pr   inf_du lg(mu)  ||d||  lg(rg) alpha_du alpha_pr  ls
 240 2.4607821e+000 2.40e+000 2.18e+002  -2.5 1.89e+000    -  5.83e-001 1.00e+000h  1
 241 2.3407051e+000 1.79e+000 1.01e+002  -2.8 9.19e-001    -  7.24e-001 1.00e+000h  1
 242 1.7833134e+000 8.04e+001 4.85e+001  -2.4 3.53e+000    -  4.84e-001 1.00e+000f  1
 243 1.7945223e+000 6.27e+001 8.85e+007  -1.2 3.18e-001   8.1 1.00e+000 2.18e-001h  1
 244 1.7946389e+000 6.25e+001 8.82e+007  -0.7 2.42e-001   8.6 1.00e+000 2.87e-003h  1
 245 1.7946405e+000 6.25e+001 8.82e+007  -0.4 3.17e-001   8.1 1.00e+000 3.97e-005h  1
 246 1.7993396e+000 5.60e+001 5.09e+008  -0.2 2.29e-001   8.5 1.00e+000 1.04e-001h  1
 247 1.8193467e+000 3.06e+001 1.14e+009   0.1 4.12e-001   8.0 1.00e+000 4.50e-001h  1
 248 1.8194878e+000 3.04e+001 1.13e+009   0.1 1.21e-001   7.6 1.00e+000 5.47e-003h  1
 249 1.8195270e+000 3.04e+001 1.13e+009   0.5 2.82e-001   7.1 1.00e+000 2.69e-003h  1
iter    objective    inf_pr   inf_du lg(mu)  ||d||  lg(rg) alpha_du alpha_pr  ls
 250 1.8271551e+000 1.92e+001 7.20e+008   0.2 1.12e-001   7.5 1.00e+000 3.67e-001h  1
 251 1.8272184e+000 1.91e+001 7.16e+008   0.1 1.55e-001   7.0 1.00e+000 5.85e-003h  1
 252 1.8273505e+000 1.89e+001 7.09e+008  -0.4 8.44e-002   7.5 1.00e+000 8.69e-003h  1
 253 1.8317630e+000 1.44e+001 5.54e+008   0.6 5.32e-001   7.0 1.00e+000 2.38e-001h  1
 254 1.8318460e+000 1.43e+001 5.49e+008   0.1 8.72e-002   7.4 1.00e+000 7.88e-003h  1
 255 1.8419174e+000 1.67e+000 9.51e+007   2.1 8.42e-002   7.8 6.53e-001 8.85e-001f  1
 256 1.8419661e+000 1.62e+000 1.43e+008   0.9 9.88e-003   7.4 1.00e+000 2.68e-002h  1
 257 1.8435041e+000 6.96e-002 1.57e+007   0.2 1.07e-002   6.9 1.00e+000 9.57e-001h  1
 258 1.8435900e+000 6.58e-005 1.60e+005  -1.6 6.87e-004   6.4 1.00e+000 1.00e+000h  1
 259 1.8435958e+000 9.53e-006 5.21e+002  -0.2 3.22e-004   5.9 1.00e+000 1.00e+000f  1
iter    objective    inf_pr   inf_du lg(mu)  ||d||  lg(rg) alpha_du alpha_pr  ls
 260 1.8435958e+000 6.82e-011 3.58e+001  -6.2 6.31e-008   5.4 9.90e-001 1.00e+000h  1
 261 1.8435989e+000 2.55e-006 9.62e+000  -2.3 1.03e-004   5.0 1.00e+000 1.00e+000f  1
 262 1.8436018e+000 2.81e-006 2.81e+000  -2.3 9.02e-005   4.5 1.00e+000 1.00e+000f  1
 263 1.8436092e+000 1.71e-005 2.45e+000  -2.3 2.36e-004   4.0 1.00e+000 1.00e+000f  1
 264 1.8436202e+000 3.55e-005 1.23e+000  -2.3 3.55e-004   3.5 1.00e+000 1.00e+000f  1
 265 1.8436406e+000 1.24e-004 8.06e-001  -2.3 6.97e-004   3.1 1.00e+000 1.00e+000f  1
 266 1.8436687e+000 2.69e-004 4.43e-001  -2.3 1.15e-003   2.6 1.00e+000 1.00e+000f  1
 267 1.8436976e+000 6.77e-004 3.00e-001  -2.3 2.08e-003   2.1 1.00e+000 1.00e+000f  1
 268 1.8436531e+000 1.20e-003 3.29e-001  -2.3 3.59e-003   1.6 1.00e+000 1.00e+000f  1
 269 1.8432628e+000 1.68e-003 2.91e-001  -2.3 6.44e-003   1.2 1.00e+000 1.00e+000h  1
iter    objective    inf_pr   inf_du lg(mu)  ||d||  lg(rg) alpha_du alpha_pr  ls
 270 1.8419305e+000 3.35e-004 5.89e-001  -8.3 2.35e-003   0.7 9.25e-001 1.00e+000h  1
 271 1.8375943e+000 3.44e-003 1.18e-002  -4.5 7.47e-003   0.2 1.00e+000 1.00e+000h  1
 272 1.8279785e+000 1.80e-002 1.14e-002  -5.1 2.14e-002  -0.3 1.00e+000 7.90e-001h  1
 273 1.8125830e+000 5.55e-002 5.73e-002  -5.1 5.42e-002  -0.8 1.00e+000 5.01e-001h  1
 274 1.7821307e+000 2.13e-001 5.88e-002  -4.5 1.42e-001  -1.2 1.00e+000 3.86e-001h  1
 275 1.6941799e+000 3.22e+001 3.68e+000  -3.2 2.34e+000  -1.7 6.30e-001 4.15e-001f  1
 276 1.6536412e+000 1.24e+001 9.77e-001  -3.1 4.33e-001  -1.3 1.00e+000 8.52e-001h  1
 277 1.5985929e+000 1.37e+001 5.86e+000  -3.1 6.64e-001  -1.8 9.44e-001 4.19e-001h  1
 278 1.5993461e+000 5.48e+000 1.20e+001  -2.5 2.78e-001  -1.3 1.00e+000 1.00e+000h  1
 279 1.5831500e+000 7.09e-002 1.15e+000  -3.1 7.06e-002  -0.9 1.00e+000 1.00e+000h  1
iter    objective    inf_pr   inf_du lg(mu)  ||d||  lg(rg) alpha_du alpha_pr  ls
 280 1.5373469e+000 8.68e-001 2.01e-001  -3.6 1.54e-001  -1.4 1.00e+000 1.00e+000h  1
 281 1.4493619e+000 4.84e+000 7.03e-001  -3.7 6.63e-001  -1.9 9.92e-001 1.00e+000h  1
 282 1.4365184e+000 5.87e+000 4.93e+000  -2.5 2.14e+000  -2.3 1.00e+000 7.37e-001h  1
 283 1.3970051e+000 8.25e-001 2.67e-001  -2.7 3.66e-001  -1.9 1.00e+000 1.00e+000h  1
 284 1.3151357e+000 6.16e+000 6.26e+000  -3.0 9.26e-001  -2.4 9.86e-001 1.00e+000h  1
 285 1.2954051e+000 3.76e+000 8.41e-001  -2.7 5.25e-001  -2.0 1.00e+000 1.00e+000h  1
 286 1.2755110e+000 1.73e+000 6.63e-001  -3.5 2.50e-001  -1.5 1.00e+000 1.00e+000h  1
 287 1.2359551e+000 1.39e+000 3.68e-001  -4.0 3.30e-001  -2.0 9.99e-001 1.00e+000h  1
 288 1.1763258e+000 1.63e+000 9.59e-001  -4.0 6.32e-001  -2.5 1.00e+000 9.88e-001h  1
 289 1.1098701e+000 5.56e+000 6.73e-001  -3.5 1.46e+000  -3.0 1.00e+000 1.00e+000h  1
iter    objective    inf_pr   inf_du lg(mu)  ||d||  lg(rg) alpha_du alpha_pr  ls
 290 1.0884887e+000 1.29e+000 1.52e-001  -3.5 4.62e-001  -2.5 9.95e-001 1.00e+000h  1
 291 1.0433792e+000 1.32e+001 3.13e+000  -3.8 1.17e+000  -3.0 1.00e+000 1.00e+000h  1
 292 1.0158423e+000 1.58e+001 2.27e+000  -3.4 6.39e+000  -3.5 6.95e-001 2.55e-001h  1
 293 9.8338333e-001 2.28e+000 8.63e-001  -3.5 1.72e+000  -3.1 8.77e-001 1.00e+000h  1
 294 9.2438444e-001 7.28e+000 8.02e-001  -3.7 2.22e+000  -3.5 1.00e+000 1.00e+000h  1
 295 9.0267788e-001 5.88e+000 5.07e-001  -3.7 1.02e+000  -3.1 1.00e+000 1.00e+000h  1
 296 9.0007473e-001 1.56e+001 4.44e-001  -3.4 2.65e+000  -3.6 1.00e+000 9.60e-001h  1
 297 8.9312149e-001 5.88e-001 4.33e-001  -4.0 2.35e-001  -2.3 9.97e-001 1.00e+000h  1
 298 8.8891399e-001 4.39e-001 5.75e-001  -3.7 2.20e+000  -2.7 1.00e+000 1.00e+000h  1
 299 8.8631554e-001 3.10e-002 9.11e-001  -4.3 1.82e-001  -1.4 1.00e+000 1.00e+000h  1
iter    objective    inf_pr   inf_du lg(mu)  ||d||  lg(rg) alpha_du alpha_pr  ls
 300 8.8346575e-001 9.67e-002 1.45e-001  -5.2 9.60e-002  -1.9 1.00e+000 1.00e+000h  1
 301 8.7805793e-001 2.81e-001 1.05e-002  -4.6 1.33e-001  -2.4 1.00e+000 1.00e+000h  1
 302 8.6793644e-001 3.02e-001 2.35e-002  -4.3 2.56e-001  -2.9 1.00e+000 1.00e+000h  1
 303 8.4445423e-001 9.35e-001 1.47e-002  -4.5 6.73e-001  -3.3 1.00e+000 9.94e-001h  1
 304 8.0658664e-001 4.59e+000 3.35e-002  -4.0 1.71e+000  -3.8 1.00e+000 1.00e+000h  1
 305 7.7203748e-001 4.40e+000 9.15e-002 -10.0 5.28e+000  -4.3 6.33e-001 2.59e-001h  1
 306 7.4164372e-001 8.90e+000 1.28e-001  -4.6 2.76e+001  -4.8 2.21e-001 8.95e-002h  1
 307 7.1461981e-001 8.19e+001 4.67e-001  -3.7 7.16e+000  -4.3 1.00e+000 6.55e-001h  1
 308 7.1007065e-001 2.09e+001 4.71e-001  -3.5 1.69e+000  -3.0 1.00e+000 1.00e+000h  1
 309 6.9698931e-001 4.54e+000 1.78e-001  -3.8 7.75e-001  -3.5 1.00e+000 1.00e+000h  1
iter    objective    inf_pr   inf_du lg(mu)  ||d||  lg(rg) alpha_du alpha_pr  ls
 310 6.8751302e-001 5.21e+000 3.01e-001  -4.6 3.50e-001  -3.1 9.99e-001 1.00e+000h  1
 311 6.8759635e-001 3.70e+000 7.90e-002  -5.8 4.30e-002  -0.8 1.00e+000 1.00e+000h  1
 312 6.8746561e-001 1.35e+000 3.01e-002  -7.1 2.90e-002  -1.3 1.00e+000 1.00e+000h  1
 313 6.8688217e-001 1.51e-001 8.30e-003  -8.6 3.25e-002  -1.8 1.00e+000 1.00e+000h  1
 314 6.8653540e-001 1.27e-001 7.11e-003  -6.6 8.44e-002  -2.3 1.00e+000 2.01e-001h  1
 315 6.8362654e-001 9.42e-002 6.34e-003  -4.6 3.41e-001  -2.7 1.00e+000 8.36e-001h  1
 316 6.7362633e-001 3.91e-001 6.38e-003  -4.7 4.41e-001  -3.2 1.00e+000 9.67e-001h  1
 317 6.5024467e-001 3.38e+000 1.86e-002  -4.5 1.21e+000  -3.7 1.00e+000 1.00e+000h  1
 318 6.0602678e-001 2.04e+001 1.77e-001  -4.2 3.05e+000  -4.2 1.00e+000 9.92e-001h  1
 319 5.8810243e-001 3.26e+001 9.21e-002  -3.8 4.94e+000  -4.6 1.00e+000 6.37e-001h  1
iter    objective    inf_pr   inf_du lg(mu)  ||d||  lg(rg) alpha_du alpha_pr  ls
 320 5.2602885e-001 8.56e+001 2.03e-001  -3.9 8.95e+000  -5.1 5.70e-001 8.78e-001h  1
 321 4.9421654e-001 5.42e+001 1.37e-001  -4.6 7.73e+000  -4.7 8.43e-001 3.80e-001h  1
 322 4.9260826e-001 5.70e+001 2.06e-001  -4.7 5.81e+002  -5.2 2.47e-002 6.15e-003h  1
 323 4.7217968e-001 6.28e+001 1.02e+000 -10.4 3.50e+001  -4.7 1.47e-001 1.91e-001h  1
 324 7.1601809e-001 5.04e+001 5.50e+000  -3.3 1.87e+001  -4.3 9.64e-001 1.00e+000f  1
 325 7.0999765e-001 1.46e+002 4.06e+000  -3.4 3.52e+000  -3.9 7.30e-001 1.00e+000h  1
 326 7.6090385e-001 2.58e+000 1.86e-001  -3.4 2.13e+000  -4.4 7.99e-001 1.00e+000h  1
 327 7.8427561e-001 4.74e-001 5.13e-002  -3.4 1.43e+000  -3.9 1.00e+000 1.00e+000h  1
 328 8.9698376e-001 3.37e+001 3.00e-001  -3.4 1.59e+001    -  6.67e-001 6.52e-001h  1
 329 9.1534247e-001 8.66e-001 2.67e-002  -3.4 3.38e+000  -4.4 1.00e+000 1.00e+000h  1
iter    objective    inf_pr   inf_du lg(mu)  ||d||  lg(rg) alpha_du alpha_pr  ls
 330 9.1716119e-001 2.43e+000 1.66e-002  -3.4 1.31e+001  -4.9 7.15e-001 9.44e-002h  2
 331 9.1702358e-001 9.11e+000 8.16e-002  -3.4 9.99e+001    -  1.13e-001 1.82e-002h  3
 332 9.3132118e-001 6.57e+000 1.20e-001  -3.4 1.66e+000  -4.5 1.00e+000 1.00e+000h  1
 333 9.6441649e-001 1.56e+001 3.48e-001  -3.4 7.76e+000    -  1.00e+000 1.00e+000h  1
 334 9.6983616e-001 2.00e+001 4.70e-001  -3.4 7.50e+000    -  6.89e-001 1.00e+000h  1
 335 9.6759203e-001 2.79e+001 2.69e-001  -3.4 3.45e+000  -4.9 1.00e+000 5.00e-001h  2
 336 9.6519453e-001 3.02e+000 7.52e-002  -3.4 3.71e+000    -  1.00e+000 1.00e+000h  1
 337 9.6611627e-001 6.29e-001 1.21e-002  -3.4 1.83e+000    -  1.00e+000 1.00e+000h  1
 338 9.6601545e-001 4.45e-003 5.52e-005  -3.4 9.26e-002    -  1.00e+000 1.00e+000h  1
 339 7.3922089e-001 1.19e+001 1.60e-001  -3.6 9.54e+000    -  7.42e-001 9.85e-001f  1
iter    objective    inf_pr   inf_du lg(mu)  ||d||  lg(rg) alpha_du alpha_pr  ls
 340 6.6689282e-001 4.44e+001 5.57e-002  -3.6 3.84e+000    -  1.00e+000 1.00e+000h  1
 341 6.6455229e-001 1.06e-001 5.45e-003  -3.6 1.10e+000  -4.5 1.00e+000 1.00e+000h  1
 342 6.1508925e-001 2.19e+000 8.73e-002  -4.4 1.51e+000  -4.1 9.89e-001 1.00e+000h  1
 343 5.3673754e-001 2.37e+001 2.00e-002  -4.1 4.97e+000  -4.6 1.00e+000 1.00e+000h  1
 344 5.2535160e-001 1.37e+001 2.78e-002  -3.8 5.00e+000  -5.0 1.00e+000 4.67e-001h  1
 345 4.7828384e-001 3.67e+001 2.51e-001  -3.9 5.55e+000  -5.5 1.00e+000 9.96e-001h  1
 346 5.1297604e-001 2.26e+001 2.83e-001  -3.6 2.91e+000  -4.2 1.00e+000 1.00e+000h  1
 347 5.0749052e-001 6.20e+000 2.50e-002  -3.8 1.27e+000  -4.7 1.00e+000 1.00e+000h  1
 348 5.0715720e-001 9.79e-001 1.80e-002  -3.8 2.24e+000    -  6.17e-001 1.00e+000h  1
 349 4.1985214e-001 9.93e+000 2.48e-002  -4.0 4.45e+000    -  1.00e+000 9.30e-001h  1
iter    objective    inf_pr   inf_du lg(mu)  ||d||  lg(rg) alpha_du alpha_pr  ls
 350 5.8823312e-001 4.05e+001 1.66e-001  -3.7 1.85e+001    -  1.26e-001 9.14e-001h  1
 351 5.7893836e-001 1.67e+001 1.18e-001  -4.0 1.45e+000  -3.3 3.95e-001 8.63e-001h  1
 352 5.6306466e-001 5.40e+000 2.09e-001  -4.0 1.39e+000  -3.8 7.48e-001 1.00e+000h  1
 353 5.5812726e-001 4.60e-001 7.70e-002  -4.0 5.47e-001  -3.4 1.00e+000 1.00e+000h  1
 354 5.4423611e-001 1.44e-001 9.24e-003  -4.0 6.96e-001  -3.9 1.00e+000 1.00e+000h  1
 355 5.3182958e-001 1.41e+000 6.82e-003  -3.8 1.34e+001    -  6.55e-001 6.06e-001h  1
 356 4.3252790e-001 7.12e+000 3.01e-002  -4.0 5.83e+000    -  1.00e+000 1.00e+000h  1
 357 3.9775819e-001 1.40e+001 4.86e-002  -4.6 1.33e+000  -4.4 9.95e-001 1.00e+000h  1
 358 3.9321020e-001 3.01e+000 2.26e-002  -4.1 2.17e+000  -4.8 1.00e+000 1.00e+000h  1
 359 4.2525242e-001 1.08e+001 1.94e-002  -3.8 2.10e+000  -4.4 1.00e+000 1.00e+000h  1
iter    objective    inf_pr   inf_du lg(mu)  ||d||  lg(rg) alpha_du alpha_pr  ls
 360 4.5545992e-001 9.61e-001 4.77e-003  -3.9 1.48e+000    -  1.00e+000 1.00e+000h  1
 361 4.6040860e-001 8.88e-002 9.90e-005  -3.9 4.31e-001    -  1.00e+000 1.00e+000h  1
 362 4.2391335e-001 2.16e+000 3.05e-002  -4.1 7.63e+000    -  9.97e-001 3.40e-001h  1
 363 4.1055910e-001 2.52e+000 2.68e-002  -4.2 7.87e+000  -4.9 7.52e-001 2.72e-001h  1
 364 4.0868521e-001 2.45e+000 2.61e-002  -4.2 6.46e+001  -4.5 5.58e-002 2.96e-002h  1
 365 4.0144141e-001 2.28e+000 2.25e-002  -4.2 2.70e+000  -4.9 5.38e-001 1.65e-001h  1
 366 3.4282020e-001 1.47e+001 2.20e-002  -4.2 3.35e+000  -5.4 1.00e+000 1.00e+000f  1
 367 3.7437510e-001 1.65e+001 1.80e-002  -4.0 1.04e+001  -5.9 2.77e-001 4.13e-001h  1
 368 3.6680844e-001 2.99e+000 1.27e-002  -4.1 2.24e+000  -4.6 8.80e-001 1.00e+000h  1
 369 3.2290859e-001 6.53e+000 1.37e-002  -4.4 3.90e+000  -5.0 6.82e-001 1.00e+000h  1
iter    objective    inf_pr   inf_du lg(mu)  ||d||  lg(rg) alpha_du alpha_pr  ls
 370 2.9762945e-001 6.75e+000 1.12e-002  -4.8 2.02e+000  -4.6 7.90e-001 9.99e-001h  1
 371 2.8972441e-001 3.55e+000 3.57e-003  -4.7 6.33e-001  -4.2 9.92e-001 1.00e+000h  1
 372 2.6831396e-001 2.62e+000 5.74e-003  -4.9 1.71e+000  -4.7 9.64e-001 1.00e+000h  1
 373 2.5808165e-001 1.87e+000 3.49e-003  -5.5 9.74e-001  -4.2 9.96e-001 1.00e+000h  1
 374 2.5484182e-001 1.25e-001 1.33e-003  -5.5 3.96e-001  -3.8 9.67e-001 1.00e+000h  1
 375 2.4738729e-001 6.04e-001 2.01e-003  -5.2 9.09e-001  -4.3 1.00e+000 1.00e+000h  1
 376 2.3716976e-001 5.64e-001 2.78e-003  -4.9 1.49e+000  -4.8 1.00e+000 1.00e+000h  1
 377 2.4527311e-001 7.14e+000 1.56e-002  -4.5 2.47e+000  -5.2 1.00e+000 9.23e-001h  1
 378 2.4433846e-001 6.83e+000 1.49e-002  -4.6 5.63e+001    -  1.86e-001 4.62e-002h  1
 379 2.4465610e-001 6.77e+000 1.49e-002  -4.6 2.85e+002    -  1.25e-002 1.16e-002H  1
iter    objective    inf_pr   inf_du lg(mu)  ||d||  lg(rg) alpha_du alpha_pr  ls
 380 2.3691982e-001 4.00e+000 1.44e-002  -4.6 8.04e+000    -  5.69e-001 5.92e-001h  1
 381 2.2041195e-001 5.52e+000 1.02e-002  -4.8 4.79e+000    -  3.12e-001 7.96e-001h  1
 382 2.2335584e-001 3.17e-001 1.20e-003  -4.6 1.07e+000  -4.8 9.28e-001 1.00e+000h  1
 383 2.1741244e-001 2.43e+000 6.06e-003  -5.1 7.01e-001  -4.4 9.53e-001 1.00e+000h  1
 384 2.1531129e-001 8.18e-002 5.95e-004  -4.8 6.63e-001  -4.9 1.00e+000 1.00e+000h  1
 385 2.1039333e-001 4.00e-001 1.16e-003  -4.8 1.03e+001    -  6.68e-001 8.02e-001h  1
 386 2.0528448e-001 5.85e-001 5.64e-004  -4.9 2.47e+000  -5.3 8.50e-001 1.00e+000h  1
 387 2.2414470e-001 7.95e+000 8.28e-003  -4.7 2.51e+000  -5.8 1.00e+000 1.00e+000h  1
 388 2.1809688e-001 1.75e+000 2.45e-003  -4.8 1.40e+001  -6.3 4.58e-001 8.10e-001h  1
 389 2.1579503e-001 2.29e-001 1.51e-003  -4.8 3.78e+000    -  4.89e-001 8.92e-001h  1
iter    objective    inf_pr   inf_du lg(mu)  ||d||  lg(rg) alpha_du alpha_pr  ls
 390 2.1547317e-001 1.80e-001 2.57e-003  -4.8 1.21e+001  -6.8 2.57e-001 3.09e-001h  1
 391 2.1527222e-001 2.16e-002 9.75e-004  -4.8 1.65e+000    -  1.00e+000 1.00e+000h  1
 392 2.1080648e-001 3.80e-001 7.83e-004  -4.8 4.69e+000    -  1.00e+000 9.18e-001h  1
 393 1.9842257e-001 3.80e+000 5.34e-003  -5.0 2.81e+000    -  9.61e-001 1.00e+000h  1
 394 1.8828891e-001 2.89e+000 4.12e-003  -5.3 2.55e+000    -  1.00e+000 1.00e+000h  1
 395 1.8383225e-001 5.87e-001 1.06e-003  -5.4 1.86e+000    -  1.00e+000 1.00e+000h  1
 396 1.8048276e-001 5.53e-001 7.86e-004  -5.6 1.84e+000    -  9.99e-001 1.00e+000h  1
 397 1.8042781e-001 3.52e-001 5.55e-004  -5.6 8.08e+000  -7.2 4.31e-001 3.62e-001h  1
 398 1.8431066e-001 6.38e-001 3.34e-003  -5.4 3.10e+000  -6.8 4.90e-001 9.10e-001h  1
 399 1.8115916e-001 2.95e-001 2.08e-003  -5.6 2.41e+000    -  1.76e-001 1.00e+000h  1
iter    objective    inf_pr   inf_du lg(mu)  ||d||  lg(rg) alpha_du alpha_pr  ls
 400 1.8101003e-001 1.79e-002 1.79e-004  -5.6 5.19e+000    -  1.00e+000 1.00e+000h  1
 401 1.8075243e-001 8.58e-003 8.52e-005  -5.6 1.45e+000    -  1.00e+000 1.00e+000h  1
 402 1.7803985e-001 3.92e-001 6.93e-004  -5.9 2.01e+000    -  1.00e+000 9.98e-001h  1
 403 1.7747534e-001 3.10e-002 9.28e-005  -6.0 8.42e-001    -  1.00e+000 1.00e+000h  1
 404 1.7671627e-001 5.11e-002 1.18e-004  -6.2 9.39e-001    -  1.00e+000 1.00e+000h  1
 405 1.7625509e-001 3.26e-002 8.12e-005  -6.5 8.86e-001    -  1.00e+000 1.00e+000h  1
 406 1.7611406e-001 1.03e-002 2.70e-005  -6.7 4.86e-001    -  1.00e+000 1.00e+000h  1
 407 1.7603298e-001 3.45e-003 1.18e-005  -6.8 3.11e-001    -  1.00e+000 9.98e-001h  1
 408 1.7594249e-001 5.71e-003 2.02e-005  -7.1 4.15e-001    -  1.00e+000 9.87e-001h  1
 409 1.7590892e-001 2.61e-003 1.09e-005  -7.3 3.11e-001    -  1.00e+000 1.00e+000h  1
iter    objective    inf_pr   inf_du lg(mu)  ||d||  lg(rg) alpha_du alpha_pr  ls
 410 1.7588198e-001 2.37e-003 1.03e-005  -7.7 2.80e-001    -  1.00e+000 9.94e-001h  1
 411 1.7587514e-001 7.16e-004 3.53e-006  -7.9 1.38e-001    -  1.00e+000 1.00e+000h  1
 412 1.7586994e-001 3.70e-004 1.85e-006  -8.2 9.27e-002    -  1.00e+000 9.92e-001h  1
 413 1.7586805e-001 1.02e-004 5.38e-007  -8.5 5.88e-002    -  1.00e+000 9.99e-001h  1
 414 1.7586752e-001 1.29e-005 3.61e-006  -8.7 2.18e-002    -  1.00e+000 9.80e-001h  1
 415 1.7586690e-001 1.72e-005 1.45e-004  -9.7 4.02e-002    -  1.00e+000 4.64e-001h  1
 416 1.7586640e-001 1.08e-005 1.22e-005  -9.4 2.08e-002    -  1.00e+000 9.62e-001h  1
 417 1.7586626e-001 1.04e-006 4.21e-006  -9.7 7.53e-003    -  1.00e+000 9.82e-001h  1
 418 1.7586620e-001 4.40e-007 3.89e-005 -10.3 5.25e-003    -  1.00e+000 7.17e-001h  1
 419 1.7586617e-001 1.14e-007 1.12e-005 -10.6 3.91e-003    -  1.00e+000 8.57e-001h  1
iter    objective    inf_pr   inf_du lg(mu)  ||d||  lg(rg) alpha_du alpha_pr  ls
 420 1.7586616e-001 1.07e-008 7.76e-011 -11.0 1.79e-003    -  1.00e+000 1.00e+000h  1

Number of Iterations....: 420

                                   (scaled)                 (unscaled)
Objective...............:  1.7586615785118664e-001   1.7586615785118664e-001
Dual infeasibility......:  7.7621173599650934e-011   7.7621173599650934e-011
Constraint violation....:  4.6376895155727593e-010   1.0734765965025872e-008
Complementarity.........:  1.4821520608519585e-011   1.4821520608519585e-011
Overall NLP error.......:  4.6376895155727593e-010   1.0734765965025872e-008


Number of objective function evaluations             = 440
Number of objective gradient evaluations             = 419
Number of equality constraint evaluations            = 440
Number of inequality constraint evaluations          = 440
Number of equality constraint Jacobian evaluations   = 423
Number of inequality constraint Jacobian evaluations = 423
Number of Lagrangian Hessian evaluations             = 420
Total CPU secs in IPOPT (w/o function evaluations)   =    347.053
Total CPU secs in NLP function evaluations           =     31.213

EXIT: Optimal Solution Found.
               t_proc [s]   t_wall [s]    n_eval
       nlp_f        0.125        0.125       440
       nlp_g         0.79        0.791       440
  nlp_grad_f        0.291        0.295       420
  nlp_hess_l           20           20       418
   nlp_jac_g         9.99         9.99       424
      solver          378          378         1
