This is Ipopt version 3.12.3, running with linear solver ma86.

Number of nonzeros in equality constraint Jacobian...:    81928
Number of nonzeros in inequality constraint Jacobian.:     3600
Number of nonzeros in Lagrangian Hessian.............:    50323

Total number of variables............................:    13807
                     variables with only lower bounds:        0
                variables with lower and upper bounds:    13807
                     variables with only upper bounds:        0
Total number of equality constraints.................:    12857
Total number of inequality constraints...............:     1800
        inequality constraints with only lower bounds:      900
   inequality constraints with lower and upper bounds:        0
        inequality constraints with only upper bounds:      900

iter    objective    inf_pr   inf_du lg(mu)  ||d||  lg(rg) alpha_du alpha_pr  ls
   0 2.0631579e-002 4.32e+002 8.48e-001   0.0 0.00e+000    -  0.00e+000 0.00e+000   0
   1 2.0547510e-002 4.31e+002 5.90e+003  -5.6 1.34e+002    -  2.96e-003 2.74e-003h  1
   2 2.0543229e-002 4.31e+002 1.48e+005   1.1 3.23e+001   2.0 1.00e+000 1.13e-004h  1
   3 2.1157462e-002 4.31e+002 3.09e+006  -4.9 2.02e+003    -  1.38e-003 6.56e-005h  1
   4 5.0402385e-001 4.52e+002 2.47e+007   3.1 4.03e+002   2.4 4.58e-003 2.41e-003f  1
   5 8.8438723e-001 1.01e+003 1.48e+008  -4.7 2.99e+001   4.7 1.00e-002 2.89e-002h  1
   6 8.5501319e-001 1.01e+003 1.47e+008   3.3 3.35e+001   4.2 5.63e-003 6.09e-003f  1
   7 8.1344926e-001 1.00e+003 1.46e+008   3.4 5.43e+001   3.7 2.03e-002 5.40e-003f  1
   8 7.9627271e-001 9.99e+002 1.46e+008   3.4 1.36e+002   3.2 2.16e-003 1.50e-003h  1
   9 7.8952190e-001 9.98e+002 1.46e+008   3.4 3.72e+001   3.7 8.27e-003 9.05e-004h  1
iter    objective    inf_pr   inf_du lg(mu)  ||d||  lg(rg) alpha_du alpha_pr  ls
  10 7.9027918e-001 9.95e+002 1.45e+008   3.4 3.53e+002   3.2 7.26e-003 3.35e-003f  1
  11 7.8682822e-001 9.93e+002 1.45e+008  -3.9 3.96e+001   3.6 8.45e-003 1.44e-003h  1
  12 7.8621907e-001 9.88e+002 1.45e+008   3.3 3.92e+001   4.0 2.11e-002 4.82e-003h  1
  13 7.1519361e-001 9.79e+002 1.43e+008   3.4 5.96e+001   3.6 1.62e-003 9.16e-003f  1
  14 7.1144411e-001 9.79e+002 1.43e+008  -3.8 4.26e+001   4.0 5.30e-003 6.67e-004h  1
  15 6.9473153e-001 9.68e+002 1.42e+008   3.4 4.14e+001   4.4 7.09e-003 9.39e-003h  1
  16 6.6989814e-001 9.67e+002 1.42e+008  -3.7 1.17e+002   3.9 1.43e-003 8.54e-004h  1
  17 6.3737723e-001 9.55e+002 1.40e+008   3.3 4.60e+001   4.4 1.25e-002 1.18e-002h  1
  18 6.3119500e-001 9.54e+002 1.40e+008   2.9 1.82e+002   3.9 2.54e-003 2.06e-004h  1
  19 6.3123605e-001 9.54e+002 1.40e+008  -3.7 4.15e+001   4.3 8.77e-003 6.10e-005h  1
iter    objective    inf_pr   inf_du lg(mu)  ||d||  lg(rg) alpha_du alpha_pr  ls
  20 6.1127935e-001 9.53e+002 1.40e+008  -3.7 1.35e+002   3.8 3.75e-005 1.17e-003h  1
  21 6.0774936e-001 9.50e+002 1.40e+008   3.1 4.68e+001   4.2 4.17e-002 2.81e-003h  1
  22 6.0225294e-001 9.49e+002 1.39e+008  -3.6 1.43e+002   3.8 5.28e-004 1.36e-003h  1
  23 6.0140993e-001 9.46e+002 1.39e+008   2.8 3.15e+001   4.2 1.83e-003 2.93e-003h  1
  24 6.0328490e-001 9.45e+002 1.39e+008   3.4 3.15e+001   4.6 2.45e-003 1.00e-003h  1
  25 6.0315683e-001 9.42e+002 1.38e+008   3.4 3.85e+001   4.1 4.37e-004 3.22e-003h  1
  26 6.0340628e-001 9.42e+002 1.38e+008   3.4 3.43e+001   4.6 5.86e-002 8.97e-005h  1
  27 7.3111880e-001 8.55e+002 2.21e+008   3.4 4.26e+001   4.1 8.90e-003 3.07e-002h  1
  28 7.2420109e-001 8.48e+002 2.20e+008   3.4 1.62e+001   4.5 6.27e-002 6.34e-003h  1
  29 7.2422678e-001 8.21e+002 2.14e+008   3.4 1.37e+001   4.9 7.12e-002 2.29e-002h  1
iter    objective    inf_pr   inf_du lg(mu)  ||d||  lg(rg) alpha_du alpha_pr  ls
  30 7.3878492e-001 8.17e+002 2.13e+008   3.4 9.92e+001   4.5 1.02e-002 3.97e-003h  1
  31 7.4756687e-001 7.98e+002 2.08e+008   3.4 1.26e+001   4.9 7.61e-002 1.78e-002h  1
  32 7.6430554e-001 7.84e+002 2.02e+008  -3.1 1.05e+001   5.3 3.83e-002 1.46e-002h  1
  33 8.0076906e-001 7.74e+002 1.99e+008   3.4 3.02e+001   4.8 3.53e-004 1.03e-002h  1
  34 8.0569859e-001 7.71e+002 1.97e+008   3.4 1.15e+001   6.2 2.84e-003 4.11e-003h  1
  35 8.0091592e-001 7.70e+002 1.97e+008   3.4 3.31e+003   5.7 2.10e-004 2.17e-004h  1
  36 8.0263823e-001 7.66e+002 1.91e+008   3.4 6.21e+001   6.1 1.04e-002 5.59e-003h  1
  37 8.0508195e-001 7.64e+002 1.90e+008   3.4 1.21e+001   6.5 3.23e-003 1.47e-003h  1
  38 8.0599314e-001 7.64e+002 1.90e+008   3.4 2.60e+001   6.1 9.85e-003 5.83e-004h  1
  39 8.2530815e-001 7.54e+002 1.58e+008   3.4 1.10e+001   6.5 9.92e-003 1.09e-002h  1
iter    objective    inf_pr   inf_du lg(mu)  ||d||  lg(rg) alpha_du alpha_pr  ls
  40 8.3431846e-001 7.50e+002 2.91e+008   3.4 1.09e+001   6.9 9.17e-003 5.10e-003h  1
  41 8.3757290e-001 7.48e+002 4.73e+008   3.4 1.40e+001   6.4 2.22e-002 2.10e-003h  1
  42 8.7633679e-001 7.13e+002 5.40e+008   3.4 1.58e+001   6.0 3.23e-003 3.15e-002h  1
  43 8.7719680e-001 7.13e+002 1.95e+010   3.4 1.18e+001   7.3 1.27e-001 3.47e-004h  1
  44 8.9135717e-001 7.08e+002 2.74e+010   3.4 3.07e+001   6.8 4.94e-002 6.06e-003h  1
  45 8.9776876e-001 7.04e+002 2.71e+010   3.4 1.69e+001   7.2 7.49e-003 5.70e-003h  1
  46 9.1969889e-001 6.96e+002 2.45e+010   3.4 1.24e+001   6.8 3.69e-002 9.88e-003h  1
  47 9.4095449e-001 6.86e+002 2.31e+010   3.4 1.81e+001   6.3 3.35e-002 1.28e-002h  1
  48 9.9693266e-001 6.69e+002 1.26e+010   3.4 1.30e+001   6.7 1.38e-001 2.01e-002h  1
  49 9.9472460e-001 6.68e+002 1.21e+010   3.4 2.89e+002   6.2 7.13e-003 1.37e-003h  1
iter    objective    inf_pr   inf_du lg(mu)  ||d||  lg(rg) alpha_du alpha_pr  ls
  50 1.0390593e+000 6.58e+002 9.41e+009   3.4 1.19e+001   6.7 5.21e-002 1.37e-002h  1
  51 1.0635160e+000 6.50e+002 8.00e+009   3.4 2.19e+001   6.2 5.02e-002 1.14e-002h  1
  52 1.1240416e+000 6.37e+002 2.96e+009   3.1 1.19e+001   6.6 1.11e-001 1.75e-002h  1
  53 1.1744019e+000 6.28e+002 4.06e+009   3.4 1.16e+001   7.0 5.40e-004 1.28e-002h  1
  54 1.1852215e+000 6.26e+002 4.05e+009   3.4 1.28e+001   6.6 1.19e-003 3.24e-003h  1
  55 1.1872983e+000 6.26e+002 4.05e+009   3.4 1.25e+001   7.0 6.89e-002 5.20e-004h  1
  56 1.2310631e+000 6.18e+002 4.00e+009   3.4 1.43e+001   6.5 5.89e-003 1.20e-002h  1
  57 1.2361967e+000 6.17e+002 4.00e+009   3.4 1.41e+001   6.9 1.81e-002 1.24e-003h  1
  58 1.3561751e+000 5.99e+002 3.88e+009   2.7 1.69e+001   6.5 2.17e-002 2.91e-002h  1
  59 1.3622614e+000 5.99e+002 3.88e+009   3.4 1.38e+001   6.9 9.78e-003 1.45e-003h  1
iter    objective    inf_pr   inf_du lg(mu)  ||d||  lg(rg) alpha_du alpha_pr  ls
  60 1.3810599e+000 5.96e+002 3.86e+009   1.3 2.49e+001   6.4 4.75e-002 4.80e-003h  1
  61 1.4157046e+000 5.91e+002 3.83e+009  -2.8 1.42e+001   6.8 2.33e-003 8.14e-003h  1
  62 1.4725732e+000 5.83e+002 3.78e+009   3.4 3.89e+001   6.4 1.19e-002 1.18e-002h  1
  63 1.4784891e+000 5.82e+002 3.78e+009   3.1 1.52e+001   6.8 4.85e-003 1.45e-003h  1
  64 1.4956696e+000 5.80e+002 3.76e+009   3.4 1.33e+001   7.2 2.67e-004 3.93e-003h  1
  65 1.5112295e+000 5.77e+002 3.75e+009   3.4 1.66e+001   6.7 6.01e-003 4.24e-003h  1
  66 1.5228864e+000 5.76e+002 3.74e+009   3.4 1.34e+001   7.2 3.23e-003 2.84e-003h  1
  67 1.5664702e+000 5.69e+002 3.69e+009   3.4 1.89e+001   6.7 2.16e-003 1.24e-002h  1
  68 1.5682576e+000 5.68e+002 3.69e+009   3.4 1.27e+001   7.1 2.13e-004 5.42e-004h  1
  69 1.5755604e+000 5.67e+002 3.68e+009   2.6 2.17e+001   6.6 4.93e-003 2.46e-003h  1
iter    objective    inf_pr   inf_du lg(mu)  ||d||  lg(rg) alpha_du alpha_pr  ls
  70 1.5835059e+000 5.65e+002 3.67e+009   3.4 1.28e+001   7.1 2.46e-003 2.69e-003f  1
  71 1.5908522e+000 5.64e+002 3.66e+009   3.4 2.22e+001   6.6 6.17e-003 3.22e-003h  1
  72 1.6140444e+000 5.59e+002 3.63e+009   3.4 1.29e+001   7.0 2.43e-003 7.62e-003h  1
  73 1.6141737e+000 5.59e+002 3.63e+009   3.4 1.06e+002   6.5 1.13e-004 3.62e-005h  1
  74 1.6225900e+000 5.57e+002 3.62e+009   3.4 1.28e+001   7.0 2.42e-002 2.99e-003h  1
  75 1.6298188e+000 5.56e+002 3.61e+009   3.4 1.12e+001   7.4 3.06e-003 2.58e-003h  1
  76 1.6465890e+000 5.52e+002 3.59e+009   3.4 1.35e+001   6.9 4.04e-002 6.35e-003h  1
  77 1.6592954e+000 5.50e+002 3.57e+009   3.4 1.12e+001   7.3 1.31e-002 4.93e-003h  1
  78 1.7021520e+000 5.40e+002 3.51e+009   3.4 1.42e+001   6.9 3.19e-002 1.65e-002h  1
  79 1.7072572e+000 5.39e+002 3.50e+009   3.4 1.09e+001   7.3 6.31e-002 2.03e-003h  1
iter    objective    inf_pr   inf_du lg(mu)  ||d||  lg(rg) alpha_du alpha_pr  ls
  80 1.7401347e+000 5.31e+002 3.45e+009   3.4 1.52e+001   6.8 8.92e-003 1.48e-002h  1
  81 1.7437517e+000 5.30e+002 3.44e+009   3.4 1.14e+001   7.2 9.20e-002 1.50e-003h  1
  82 1.7690745e+000 5.28e+002 3.43e+009   3.4 9.10e+001   6.8 5.54e-004 4.48e-003h  1
  83 1.8017144e+000 5.20e+002 3.38e+009   3.4 1.24e+001   7.2 3.86e-002 1.36e-002h  1
  84 1.8093282e+000 5.18e+002 3.37e+009   3.4 1.13e+001   7.6 8.37e-002 3.51e-003h  1
  85 1.8511761e+000 5.06e+002 3.31e+009   3.4 1.24e+001   7.1 1.61e-002 2.32e-002h  1
  86 1.8596035e+000 5.03e+002 3.29e+009   3.4 1.10e+001   7.6 1.26e-002 4.91e-003h  1
  87 1.8681483e+000 5.00e+002 3.27e+009   3.4 1.30e+001   7.1 2.31e-004 5.74e-003h  1
  88 1.8697421e+000 5.00e+002 3.27e+009   3.4 1.10e+001   7.5 1.91e-002 1.09e-003h  1
  89 1.8788887e+000 4.94e+002 3.23e+009   3.4 1.26e+001   7.0 1.45e-003 9.94e-003h  1
iter    objective    inf_pr   inf_du lg(mu)  ||d||  lg(rg) alpha_du alpha_pr  ls
  90 1.8795699e+000 4.94e+002 3.23e+009   3.4 1.11e+001   7.5 1.79e-002 5.76e-004h  1
  91 1.8795772e+000 4.91e+002 3.21e+009   3.4 4.67e+001   7.0 2.47e-003 4.01e-003h  1
  92 1.8812709e+000 4.91e+002 3.21e+009   3.4 1.08e+001   7.4 5.75e-002 1.50e-003h  1
  93 1.8914275e+000 4.86e+002 3.18e+009   3.4 1.14e+001   7.8 4.13e-002 9.04e-003h  1
  94 1.8983093e+000 4.83e+002 1.04e+010   3.4 1.12e+001   7.3 8.72e-002 6.35e-003h  1
  95 1.9052358e+000 4.80e+002 1.03e+010   3.4 1.16e+001   7.8 1.93e-001 5.55e-003h  1
  96 1.9059915e+000 4.80e+002 1.03e+010   3.4 1.41e+001   7.3 4.88e-002 6.09e-004h  1
  97 1.9333737e+000 4.70e+002 1.03e+010   3.4 1.28e+001   7.7 6.90e-002 2.02e-002h  1
  98 1.9605921e+000 4.60e+002 1.01e+010   3.4 2.27e+001   7.2 6.78e-002 1.95e-002h  1
  99 1.9648876e+000 4.59e+002 1.67e+010   3.4 1.26e+001   7.7 1.18e-001 3.14e-003h  1
iter    objective    inf_pr   inf_du lg(mu)  ||d||  lg(rg) alpha_du alpha_pr  ls
 100 1.9955430e+000 4.52e+002 1.63e+010   3.4 3.65e+001   7.2 3.59e-002 1.28e-002h  1
 101 2.0103498e+000 4.47e+002 2.35e+010   2.9 1.31e+001   7.6 1.54e-001 1.18e-002h  1
 102 2.0158905e+000 4.45e+002 2.60e+010   3.4 1.32e+001   8.0 2.04e-002 4.45e-003h  1
 103 2.0214509e+000 4.42e+002 2.74e+010   3.4 1.43e+001   7.6 4.13e-002 5.88e-003h  1
 104 2.0418750e+000 4.34e+002 5.56e+010   3.2 1.34e+001   8.0 2.00e-001 1.83e-002h  1
 105 2.0605112e+000 4.25e+002 5.45e+010   3.4 1.60e+001   7.5 1.01e-002 2.00e-002h  1
 106 2.0610901e+000 4.25e+002 5.44e+010   3.4 1.43e+001   7.9 6.49e-005 6.94e-004h  1
 107 2.0613530e+000 4.24e+002 5.40e+010   3.4 1.77e+001   7.5 2.65e-002 3.92e-004h  1
 108 2.0710796e+000 4.19e+002 5.22e+010   3.4 1.44e+001   7.9 7.83e-004 1.26e-002h  1
 109 2.0762712e+000 4.17e+002 5.20e+010   3.4 2.95e+001   7.4 3.53e-003 4.74e-003h  1
iter    objective    inf_pr   inf_du lg(mu)  ||d||  lg(rg) alpha_du alpha_pr  ls
 110 2.0776207e+000 4.16e+002 5.16e+010   3.4 1.49e+001   7.8 2.44e-004 2.76e-003h  1
 111 2.0790828e+000 4.15e+002 8.16e+010   3.4 1.34e+001   8.3 1.00e-001 2.09e-003h  1
 112 2.0865962e+000 4.06e+002 7.91e+010   3.4 1.63e+001   7.8 6.27e-003 2.02e-002h  1
 113 2.0872323e+000 4.06e+002 8.37e+010   3.4 1.50e+001   8.2 1.66e-002 1.07e-003h  1
 114 2.0905058e+000 4.02e+002 8.29e+010   3.4 1.82e+001   7.7 1.84e-003 7.83e-003h  1
 115 2.0914280e+000 4.02e+002 8.48e+010   3.4 1.58e+001   8.2 9.34e-003 1.42e-003h  1
 116 2.0970429e+000 3.98e+002 8.44e+010   3.4 1.91e+001   7.7 5.62e-002 8.87e-003h  1
 117 2.1057160e+000 3.94e+002 8.44e+010   3.4 1.62e+001   8.1 1.59e-002 1.15e-002h  1
 118 2.1090218e+000 3.92e+002 8.34e+010   3.4 1.91e+001   7.6 5.99e-002 3.78e-003h  1
 119 2.1097130e+000 3.91e+002 8.77e+010   3.4 1.68e+001   8.1 2.68e-002 1.64e-003h  1
iter    objective    inf_pr   inf_du lg(mu)  ||d||  lg(rg) alpha_du alpha_pr  ls
 120 2.1107552e+000 3.85e+002 8.60e+010   3.4 1.97e+001   7.6 2.83e-002 1.55e-002h  1
 121 2.1116447e+000 3.84e+002 8.54e+010   3.4 1.67e+001   8.0 1.50e-004 2.87e-003h  1
 122 2.1115767e+000 3.79e+002 8.48e+010   3.4 1.74e+001   7.5 7.62e-004 1.25e-002h  1
 123 2.1122941e+000 3.78e+002 8.54e+010   3.4 1.64e+001   8.0 1.16e-002 3.01e-003h  1
 124 2.1042975e+000 3.74e+002 8.52e+010   3.4 2.30e+001   7.5 4.37e-004 9.52e-003h  1
 125 2.1042259e+000 3.74e+002 8.68e+010   3.4 1.64e+001   7.9 3.02e-002 4.49e-004h  1
 126 2.1054152e+000 3.71e+002 8.53e+010   3.4 1.57e+001   8.3 6.85e-003 8.92e-003h  1
 127 2.0975945e+000 3.67e+002 8.45e+010   3.4 1.85e+001   7.9 1.71e-002 1.00e-002h  1
 128 2.0977301e+000 3.66e+002 1.01e+011   3.4 1.56e+001   8.3 6.40e-002 3.02e-003h  1
 129 2.0831431e+000 3.62e+002 1.00e+011   3.4 2.69e+001   7.8 9.74e-003 9.87e-003h  1
iter    objective    inf_pr   inf_du lg(mu)  ||d||  lg(rg) alpha_du alpha_pr  ls
 130 2.0832307e+000 3.62e+002 1.13e+011   3.4 1.60e+001   8.2 6.59e-002 5.67e-004h  1
 131 2.0792675e+000 3.56e+002 1.10e+011   3.4 2.52e+001   7.8 4.04e-002 1.63e-002h  1
 132 2.0798306e+000 3.55e+002 1.10e+011   3.4 1.58e+001   8.2 9.02e-003 2.40e-003h  1
 133 2.0841344e+000 3.45e+002 1.10e+011   3.4 1.64e+001   7.7 1.69e-004 2.68e-002h  1
 134 2.0858528e+000 3.43e+002 1.14e+011   3.4 1.51e+001   8.1 8.48e-002 5.51e-003h  1
 135 2.0868071e+000 3.42e+002 1.13e+011   3.4 1.45e+001   7.7 8.88e-003 2.84e-003h  1
 136 2.0891988e+000 3.40e+002 1.14e+011   1.9 1.50e+001   8.1 7.28e-002 6.94e-003h  1
 137 2.0959962e+000 3.35e+002 1.15e+011   3.4 1.37e+001   7.6 1.51e-003 1.33e-002h  1
 138 2.0973107e+000 3.34e+002 1.14e+011   3.4 1.44e+001   8.0 4.63e-004 3.18e-003h  1
 139 2.0975216e+000 3.34e+002 1.37e+011   3.4 1.39e+001   8.5 7.91e-002 5.28e-004h  1
iter    objective    inf_pr   inf_du lg(mu)  ||d||  lg(rg) alpha_du alpha_pr  ls
 140 2.1061161e+000 3.28e+002 1.35e+011   3.4 1.41e+001   8.0 3.87e-003 1.91e-002h  1
 141 2.1062924e+000 3.28e+002 1.57e+011   3.4 1.35e+001   8.4 1.19e-001 3.95e-004h  1
 142 2.1121284e+000 3.24e+002 1.54e+011   3.4 1.36e+001   7.9 2.54e-002 1.15e-002h  1
 143 2.1124638e+000 3.23e+002 1.63e+011   2.5 1.32e+001   8.4 8.89e-002 1.67e-003h  1
 144 2.1175428e+000 3.13e+002 1.58e+011   3.4 1.33e+001   7.9 2.87e-002 3.08e-002h  1
 145 2.1177813e+000 3.12e+002 1.61e+011   3.4 1.29e+001   8.3 5.65e-002 1.96e-003h  1
 146 2.1210098e+000 3.06e+002 1.53e+011   3.4 1.23e+001   7.8 5.34e-002 1.98e-002h  1
 147 2.1210661e+000 3.06e+002 1.57e+011   3.4 1.40e+001   8.3 6.52e-002 7.23e-004h  1
 148 2.1284383e+000 2.98e+002 1.48e+011   3.4 1.71e+001   7.8 8.14e-002 2.42e-002h  1
 149 2.1288822e+000 2.98e+002 1.48e+011   3.4 1.52e+001   8.2 9.30e-003 1.53e-003h  1
iter    objective    inf_pr   inf_du lg(mu)  ||d||  lg(rg) alpha_du alpha_pr  ls
 150 2.1298462e+000 2.97e+002 1.46e+011   3.4 1.44e+001   8.6 4.94e-005 3.69e-003h  1
 151 2.1316146e+000 2.95e+002 1.45e+011   3.4 1.45e+001   8.1 8.56e-004 5.45e-003h  1
 152 2.1317275e+000 2.95e+002 1.46e+011   3.4 1.39e+001   8.6 3.87e-003 3.93e-004h  1
 153 2.1360569e+000 2.91e+002 1.45e+011   3.4 1.46e+001   8.1 1.79e-004 1.09e-002h  1
 154 2.1416093e+000 2.87e+002 1.40e+011   3.4 1.38e+001   8.5 3.09e-003 1.43e-002h  1
 155 2.1417510e+000 2.87e+002 1.40e+011   3.4 1.30e+001   8.0 2.48e-004 2.18e-004h  1
 156 2.1418175e+000 2.87e+002 1.40e+011   3.4 1.21e+001   8.5 6.71e-004 1.31e-004h  1
 157 2.1431587e+000 2.87e+002 1.39e+011   3.4 1.52e+001   8.0 2.32e-002 1.86e-003h  1
 158 2.1432116e+000 2.87e+002 1.39e+011   3.4 1.17e+001   8.4 1.41e-004 1.01e-004h  1
 159 2.1444899e+000 2.86e+002 1.39e+011   3.4 1.91e+001   7.9 3.84e-006 1.27e-003f  1
iter    objective    inf_pr   inf_du lg(mu)  ||d||  lg(rg) alpha_du alpha_pr  ls
 160 2.1445263e+000 2.86e+002 1.40e+011   3.4 1.17e+001   8.4 5.87e-003 5.22e-005h  1
 161 2.1457248e+000 2.86e+002 1.39e+011   3.4 1.21e+001   8.8 1.19e-003 2.11e-003h  1
 162 2.1471395e+000 2.85e+002 1.43e+011   3.4 1.20e+001   8.3 6.24e-002 1.83e-003h  1
 163 2.1613505e+000 2.79e+002 1.33e+011   3.4 1.18e+001   8.7 5.11e-003 2.00e-002h  1
 164 2.1673042e+000 2.78e+002 1.33e+011   3.4 1.53e+001   8.3 2.55e-002 5.01e-003h  1
 165 2.1673913e+000 2.78e+002 1.53e+011   3.1 1.16e+001   8.7 4.76e-002 1.40e-004h  1
 166 2.1730837e+000 2.69e+002 1.48e+011   3.4 1.41e+001   8.2 7.69e-004 2.86e-002h  1
 167 2.1730128e+000 2.69e+002 1.48e+011   3.4 1.14e+001   8.6 1.18e-003 3.34e-004h  1
 168 2.1730121e+000 2.69e+002 1.60e+011   3.4 1.15e+001   9.1 1.06e-002 1.11e-005h  1
 169 2.1725720e+000 2.69e+002 1.60e+011   3.4 1.16e+001   8.6 1.94e-003 1.29e-003h  1
iter    objective    inf_pr   inf_du lg(mu)  ||d||  lg(rg) alpha_du alpha_pr  ls
 170 2.1724430e+000 2.69e+002 1.97e+011   3.4 1.17e+001   9.0 3.21e-002 1.02e-003h  1
 171 2.1687174e+000 2.66e+002 1.91e+011   3.4 1.18e+001   8.5 3.40e-003 9.53e-003h  1
 172 2.1686895e+000 2.66e+002 3.47e+011   3.4 1.18e+001   9.0 6.89e-002 2.51e-004h  1
 173 2.1662629e+000 2.64e+002 3.46e+011   3.4 1.19e+001   8.5 1.36e-002 8.52e-003h  1
 174 2.1662304e+000 2.64e+002 4.04e+011   3.2 1.19e+001   8.9 3.00e-002 4.30e-004h  1
 175 2.1641465e+000 2.60e+002 3.94e+011   3.4 1.19e+001   8.4 4.58e-004 1.22e-002h  1
 176 2.1641566e+000 2.60e+002 3.94e+011   3.4 1.20e+001   8.9 1.40e-004 2.60e-004h  1
 177 2.1641030e+000 2.60e+002 4.31e+011   3.4 1.19e+001   8.4 1.04e-001 3.97e-004h  1
 178 2.1683617e+000 2.51e+002 3.66e+011   3.4 1.21e+001   8.8 1.07e-003 3.31e-002h  1
 179 2.1684794e+000 2.51e+002 5.10e+011  -0.9 1.17e+001   9.2 3.02e-002 3.76e-004h  1
iter    objective    inf_pr   inf_du lg(mu)  ||d||  lg(rg) alpha_du alpha_pr  ls
 180 2.1687495e+000 2.50e+002 5.07e+011   3.4 1.19e+001   8.8 7.94e-004 2.41e-003h  1
 181 2.1704148e+000 2.49e+002 4.77e+011   3.4 1.19e+001   9.2 1.45e-004 6.36e-003h  1
 182 2.1704426e+000 2.48e+002 5.39e+011   3.4 1.21e+001   8.7 6.06e-002 2.51e-003h  1
 183 2.1706007e+000 2.47e+002 5.65e+011   3.4 1.23e+001   9.1 1.28e-002 5.01e-003h  1
 184 2.1705566e+000 2.46e+002 6.00e+011   3.4 1.52e+001   8.7 5.21e-002 4.61e-003h  1
 185 2.1714548e+000 2.44e+002 6.70e+011   3.4 1.23e+001   9.1 3.22e-002 8.68e-003h  1
 186 2.1738499e+000 2.41e+002 6.49e+011   3.4 1.22e+001   9.5 1.05e-002 1.18e-002h  1
 187 2.1765671e+000 2.38e+002 6.10e+011   3.4 1.20e+001   9.0 2.35e-004 1.24e-002h  1
 188 2.1766565e+000 2.37e+002 6.05e+011   3.4 1.20e+001   9.5 1.34e-004 7.04e-004h  1
 189 2.1766583e+000 2.37e+002 6.56e+011   2.6 2.62e+001   9.0 2.73e-002 1.44e-003h  1
iter    objective    inf_pr   inf_du lg(mu)  ||d||  lg(rg) alpha_du alpha_pr  ls
 190 2.1775235e+000 2.35e+002 6.56e+011   3.4 1.19e+001   9.4 9.90e-003 9.07e-003h  1
 191 2.1777389e+000 2.35e+002 9.76e+011   3.4 1.18e+001   9.8 1.78e-002 1.08e-003h  1
 192 2.1782255e+000 2.34e+002 9.99e+011   3.4 1.18e+001   9.4 7.85e-003 3.21e-003h  1
 193 2.1782762e+000 2.34e+002 9.94e+011   3.4 1.19e+001   9.8 2.58e-004 4.93e-004h  1
 194 2.1782627e+000 2.33e+002 9.85e+011   3.4 1.19e+001   9.3 5.69e-004 2.07e-003h  1
 195 2.1802849e+000 2.30e+002 1.33e+012   3.4 1.19e+001   9.7 3.87e-002 1.44e-002h  1
 196 2.1806498e+000 2.29e+002 1.32e+012   3.4 6.40e+001   9.3 1.76e-003 3.01e-003h  1
 197 2.1806716e+000 2.29e+002 1.32e+012   3.4 1.17e+001   9.7 2.43e-004 1.96e-004h  1
 198 2.1806674e+000 2.29e+002 1.35e+012   3.4 1.16e+001   9.2 1.23e-002 3.78e-005h  1
 199 2.1809064e+000 2.28e+002 1.32e+012   3.4 1.18e+001   9.6 6.60e-004 3.55e-003h  1
iter    objective    inf_pr   inf_du lg(mu)  ||d||  lg(rg) alpha_du alpha_pr  ls
 200 2.1807703e+000 2.28e+002 1.32e+012   3.4 1.16e+001   9.2 4.75e-003 1.06e-003h  1
 201 2.1809909e+000 2.28e+002 1.35e+012   3.4 1.18e+001   9.6 6.03e-003 2.38e-003h  1
 202 2.1803061e+000 2.27e+002 1.36e+012   3.4 1.21e+001   9.1 1.73e-002 4.39e-003h  1
 203 2.1804380e+000 2.26e+002 1.53e+012   3.4 1.17e+001   9.5 2.27e-002 1.29e-003h  1
 204 2.1791299e+000 2.22e+002 1.50e+012   3.4 1.62e+001   9.1 1.01e-002 1.80e-002h  1
 205 2.1793606e+000 2.22e+002 1.53e+012   3.4 1.14e+001   9.5 5.71e-003 9.49e-004h  1
 206 2.1798848e+000 2.22e+002 1.80e+012   3.4 1.16e+001   9.9 1.46e-002 1.55e-003h  1
 207 2.1799555e+000 2.21e+002 1.88e+012   3.4 1.15e+001   9.4 1.54e-002 3.19e-004h  1
 208 2.1821035e+000 2.20e+002 1.99e+012   3.4 1.16e+001   9.9 1.33e-002 6.15e-003h  1
 209 2.1848492e+000 2.18e+002 2.13e+012   3.4 1.14e+001   9.4 5.12e-002 9.29e-003h  1
iter    objective    inf_pr   inf_du lg(mu)  ||d||  lg(rg) alpha_du alpha_pr  ls
 210 2.1849025e+000 2.18e+002 2.25e+012   3.4 1.15e+001   9.8 8.22e-003 1.80e-004h  1
 211 2.1844349e+000 2.17e+002 2.29e+012   3.4 1.40e+001   9.3 1.49e-002 2.19e-003h  1
 212 2.1843451e+000 2.17e+002 2.40e+012   3.4 1.16e+001   9.7 7.44e-003 4.03e-004h  1
 213 2.1781033e+000 2.14e+002 2.33e+012   3.4 1.62e+001   9.3 1.30e-004 1.43e-002h  1
 214 2.1777084e+000 2.14e+002 2.32e+012   3.4 1.14e+001   9.7 1.64e-003 1.98e-003h  1
 215 2.1777026e+000 2.14e+002 2.34e+012   3.4 1.15e+001  10.1 5.61e-004 5.79e-005h  1
 216 2.1774966e+000 2.14e+002 2.55e+012   3.4 1.14e+001   9.6 2.16e-002 1.10e-003h  1
 217 2.1763127e+000 2.10e+002 2.00e+012   3.4 1.15e+001  10.1 2.21e-003 1.72e-002h  1
 218 2.1754064e+000 2.09e+002 2.27e+012   3.4 1.78e+001   9.6 3.79e-002 3.91e-003h  1
 219 2.1754271e+000 2.09e+002 2.81e+012   3.4 1.12e+001  10.0 1.99e-002 9.06e-004h  1
iter    objective    inf_pr   inf_du lg(mu)  ||d||  lg(rg) alpha_du alpha_pr  ls
 220 2.1754587e+000 2.07e+002 2.91e+012   3.4 3.34e+001   9.5 3.40e-002 9.28e-003h  1
 221 2.1757249e+000 2.06e+002 2.94e+012   3.4 1.10e+001  10.0 4.35e-003 2.47e-003h  1
 222 2.1757245e+000 2.06e+002 2.94e+012   3.4 2.62e+001   9.5 3.99e-004 1.38e-005h  1
 223 2.1757180e+000 2.06e+002 2.95e+012   3.4 1.11e+001   9.9 4.24e-004 1.45e-004h  1
 224 2.1757948e+000 2.06e+002 2.94e+012   2.6 4.04e+001   9.4 2.38e-003 2.71e-003h  1
 225 2.1762285e+000 2.03e+002 2.82e+012   3.4 1.14e+001   9.9 7.09e-003 1.20e-002h  1
 226 2.1762414e+000 2.03e+002 5.90e+012   3.4 1.09e+001  10.3 6.01e-002 1.10e-004h  1
 227 2.1766008e+000 2.03e+002 6.12e+012   3.4 1.28e+001   9.8 3.14e-002 3.25e-003h  1
 228 2.1765982e+000 2.03e+002 7.75e+012   3.4 1.10e+001  10.2 3.85e-002 9.52e-005h  1
 229 2.1717206e+000 1.98e+002 7.53e+012   3.4 1.07e+001   9.8 1.08e-002 2.16e-002h  1
iter    objective    inf_pr   inf_du lg(mu)  ||d||  lg(rg) alpha_du alpha_pr  ls
 230 2.1715157e+000 1.98e+002 7.45e+012   3.4 1.06e+001  10.2 5.77e-005 2.16e-003h  1
 231 2.1660426e+000 1.97e+002 7.49e+012   3.4 3.51e+001   9.7 2.21e-004 5.30e-003h  1
 232 2.1659762e+000 1.97e+002 7.89e+012   3.4 1.05e+001  10.1 1.99e-002 1.97e-004h  1
 233 2.1657515e+000 1.97e+002 7.80e+012   3.4 3.05e+002   9.7 7.24e-004 1.89e-005h  1
 234 2.1628812e+000 1.96e+002 8.46e+012   3.4 1.13e+001  10.1 4.90e-002 4.31e-003h  1
 235 2.1595441e+000 1.94e+002 9.54e+012   3.4 1.04e+001  10.5 2.39e-002 7.85e-003h  1
 236 2.1556044e+000 1.93e+002 9.56e+012   3.4 1.72e+001  10.0 1.91e-002 5.35e-003h  1
 237 2.1524760e+000 1.91e+002 1.01e+013   3.4 1.01e+001  10.5 2.00e-002 8.89e-003h  1
 238 2.1495534e+000 1.89e+002 9.94e+012   3.4 1.21e+001  10.0 2.75e-003 1.11e-002h  1
 239 2.1495352e+000 1.89e+002 1.12e+013   3.4 1.01e+001  10.4 1.99e-002 4.72e-004h  1
iter    objective    inf_pr   inf_du lg(mu)  ||d||  lg(rg) alpha_du alpha_pr  ls
 240 2.1520249e+000 1.84e+002 1.10e+013   3.4 1.04e+001   9.9 2.77e-002 2.50e-002h  1
 241 2.1521847e+000 1.84e+002 1.25e+013   3.4 9.90e+000  10.4 2.41e-002 6.80e-004h  1
 242 2.1541060e+000 1.84e+002 1.26e+013   3.4 2.23e+001   9.9 1.15e-002 3.85e-003h  1
 243 2.1541467e+000 1.84e+002 1.36e+013   3.4 9.89e+000  10.3 1.87e-002 1.40e-004h  1
 244 2.1543526e+000 1.83e+002 1.36e+013   3.4 2.31e+001   9.8 5.38e-003 6.97e-004h  1
 245 2.1555812e+000 1.82e+002 1.33e+013   3.4 9.90e+000  10.3 5.28e-004 5.39e-003h  1
 246 2.1654453e+000 1.80e+002 1.31e+013   3.4 4.49e+001   9.8 2.96e-004 1.38e-002h  1
 247 2.1656803e+000 1.80e+002 1.54e+013   3.4 1.30e+001  10.2 5.65e-002 4.85e-004h  1
 248r2.1656803e+000 1.80e+002 1.00e+003   3.4 0.00e+000   9.7 0.00e+000 4.29e-007R  5
 249r2.1779744e+000 1.70e+002 6.25e+002  -2.8 3.03e+000    -  7.89e-001 9.01e-001f  1
iter    objective    inf_pr   inf_du lg(mu)  ||d||  lg(rg) alpha_du alpha_pr  ls
 250r2.1508759e+000 3.22e+002 1.07e+003   0.2 5.54e-001    -  9.12e-001 9.44e-001f  1
 251r2.1474695e+000 1.73e+001 5.77e+002  -0.7 2.33e-002   4.0 9.81e-001 8.29e-001f  1
 252 2.1514379e+000 1.83e+001 1.07e+001  -5.6 1.03e+001    -  3.12e-001 3.70e-002h  1
 253 2.1279959e+000 3.47e+001 8.91e+001  -1.2 1.24e+001    -  1.16e-001 1.53e-001f  1
 254 2.1535003e+000 2.77e+001 1.05e+002  -1.9 1.18e+001    -  2.09e-001 2.16e-001h  1
 255 2.1535184e+000 2.77e+001 2.60e+006   0.3 2.16e+000   9.3 1.00e+000 2.01e-005h  1
 256 2.1535598e+000 2.77e+001 2.67e+010   1.7 2.97e+000   8.8 1.00e+000 3.53e-005h  1
 257 2.1568173e+000 2.77e+001 3.15e+010   3.4 2.69e+000   8.3 1.42e-001 1.92e-003h  1
 258 2.1646306e+000 2.76e+001 3.10e+010   3.4 2.91e+000   7.8 3.89e-002 3.30e-003h  1
 259 2.1755110e+000 2.75e+001 2.99e+010   3.4 2.89e+000   7.3 5.55e-002 4.75e-003h  1
iter    objective    inf_pr   inf_du lg(mu)  ||d||  lg(rg) alpha_du alpha_pr  ls
 260 2.1855061e+000 2.73e+001 2.86e+010   3.4 4.11e+000   6.9 5.36e-002 6.52e-003h  1
 261 2.1866286e+000 2.72e+001 2.85e+010  -3.1 6.28e+000   7.3 5.59e-003 2.75e-003h  2
 262 2.1869062e+000 2.72e+001 2.72e+010   3.4 4.77e+000   6.8 6.10e-002 2.68e-004h  1
 263 2.1975000e+000 2.69e+001 2.67e+010   3.4 4.41e+000   7.2 3.99e-002 9.80e-003h  1
 264 2.1996925e+000 2.69e+001 2.94e+010   3.4 4.51e+000   7.7 8.99e-002 2.05e-003h  1
 265 2.2182720e+000 2.62e+001 2.86e+010   3.4 5.12e+000   7.2 3.89e-002 2.42e-002h  1
 266 2.2260803e+000 2.60e+001 2.79e+010   3.4 8.30e+000   6.7 3.45e-002 7.87e-003h  1
 267 2.2310891e+000 2.58e+001 2.75e+010   3.4 5.33e+000   7.1 4.22e-002 8.02e-003h  1
 268 2.2358848e+000 2.56e+001 2.89e+010   3.4 5.19e+000   7.6 5.45e-002 7.44e-003h  1
 269 2.2422758e+000 2.53e+001 2.84e+010   3.4 5.47e+000   7.1 2.34e-002 1.48e-002h  1
iter    objective    inf_pr   inf_du lg(mu)  ||d||  lg(rg) alpha_du alpha_pr  ls
 270 2.2422049e+000 2.52e+001 2.93e+010   3.1 6.70e+000   7.5 4.51e-002 3.87e-004h  5
 271 2.2502149e+000 2.47e+001 2.82e+010   3.4 5.86e+000   7.0 6.55e-002 2.16e-002h  1
 272 2.2500785e+000 2.47e+001 2.82e+010  -2.5 6.11e+000   7.5 3.58e-003 9.99e-004h  5
 273 2.2501215e+000 2.47e+001 3.87e+010   3.4 5.30e+000   7.9 1.02e-001 9.39e-005h  1
 274 2.2631576e+000 2.39e+001 3.75e+010   3.4 5.91e+000   7.4 4.36e-002 3.37e-002h  1
 275 2.2622212e+000 2.38e+001 3.93e+010   3.4 7.62e+000   7.8 3.41e-002 2.09e-003h  3
 276 2.2663481e+000 2.36e+001 9.85e+010   3.4 5.48e+000   8.3 2.28e-001 8.27e-003h  1
 277 2.2663171e+000 2.36e+001 9.79e+010   3.4 6.78e+000   7.8 3.86e-002 8.35e-005h  9
 278 2.2663117e+000 2.36e+001 1.03e+011   3.4 8.07e+000   8.2 3.79e-002 2.10e-005h 12
 279 2.2703059e+000 2.34e+001 1.01e+011   3.4 8.18e+000   7.7 6.57e-002 1.09e-002h  1
iter    objective    inf_pr   inf_du lg(mu)  ||d||  lg(rg) alpha_du alpha_pr  ls
 280 2.2703685e+000 2.34e+001 9.97e+010   3.4 1.29e+002   7.3 5.66e-003 1.99e-005h  1
 281 2.2700854e+000 2.33e+001 9.89e+010   3.4 6.39e+000   7.7 2.18e-002 8.45e-004h  7
 282 2.2700596e+000 2.33e+001 9.91e+010   3.4 7.56e+000   8.1 2.73e-003 9.65e-005h 10
 283 2.2705107e+000 2.33e+001 9.37e+010   3.4 5.73e+000   7.6 1.64e-001 1.46e-003h  1
 284 2.2704541e+000 2.33e+001 9.38e+010   3.4 7.45e+000   8.1 2.45e-003 2.36e-004h  9
 285 2.2706601e+000 2.33e+001 9.32e+010   3.4 5.84e+000   7.6 1.62e-002 1.06e-003h  1
 286r2.2706601e+000 2.33e+001 1.00e+003   2.7 0.00e+000   8.0 0.00e+000 3.72e-007R 18
 287r2.2491274e+000 6.89e+001 1.08e+003   0.7 6.58e-001    -  9.46e-001 8.89e-001f  1
 288r2.2488912e+000 1.54e+001 3.43e+003  -0.2 4.00e-003   6.0 9.84e-001 1.00e+000f  1
 289 1.9718541e+000 1.19e+001 1.46e+002   0.3 5.68e+001    -  1.16e-002 4.39e-002f  1
iter    objective    inf_pr   inf_du lg(mu)  ||d||  lg(rg) alpha_du alpha_pr  ls
 290 1.9840651e+000 1.17e+001 8.58e+006   0.2 1.34e+000   7.5 1.00e+000 1.18e-002h  1
 291 1.9842918e+000 1.17e+001 8.58e+006   1.6 1.42e+000   7.1 1.00e+000 2.22e-004h  1
 292 2.0242993e+000 1.13e+001 2.00e+007   3.0 2.77e+000   6.6 1.00e+000 4.00e-002h  1
 293 2.0272898e+000 1.13e+001 1.04e+008   3.4 1.20e+000   7.0 8.87e-002 2.64e-003h  1
 294 2.0436164e+000 1.11e+001 2.31e+007   3.4 1.93e+000   6.5 1.91e-001 2.01e-002h  1
 295 2.0534913e+000 1.10e+001 3.04e+008   3.4 3.03e+000   7.0 7.09e-001 6.39e-003h  1
 296 2.0968666e+000 1.10e+001 2.62e+008   3.4 2.65e+000   6.5 2.00e-001 2.91e-002h  1
 297 2.1084722e+000 1.09e+001 5.40e+008   3.4 2.12e+000   6.9 1.96e-001 9.62e-003h  1
 298 2.1396244e+000 1.08e+001 6.65e+008   3.4 2.53e+000   6.4 2.93e-001 4.46e-002h  1
 299 2.1505728e+000 1.99e+001 6.97e+008   3.4 3.62e+000   6.9 4.63e-002 2.98e-002h  1
iter    objective    inf_pr   inf_du lg(mu)  ||d||  lg(rg) alpha_du alpha_pr  ls
 300 2.1626823e+000 1.97e+001 2.95e+009   2.7 2.55e+000   7.3 2.60e-001 1.30e-002h  1
 301 2.1742113e+000 1.93e+001 3.48e+009   2.0 3.30e+000   6.8 2.20e-001 2.37e-002h  1
 302 2.1771156e+000 1.92e+001 7.02e+009   2.0 2.92e+000   7.2 2.73e-001 5.48e-003h  1
 303 2.1856995e+000 1.86e+001 6.89e+009   2.0 3.53e+000   6.7 1.60e-001 3.04e-002h  1
 304 2.1896194e+000 1.84e+001 9.67e+009   2.0 3.43e+000   7.2 2.26e-001 1.05e-002h  1
 305 2.1950468e+000 1.78e+001 9.06e+009   2.0 4.04e+000   6.7 1.88e-001 3.55e-002h  1
 306 2.1957392e+000 1.77e+001 1.04e+010   2.0 3.86e+000   7.1 1.17e-001 3.09e-003h  1
 307 2.2050395e+000 1.66e+001 9.39e+009   2.0 4.68e+000   6.6 1.78e-001 6.25e-002h  1
 308 2.2130139e+000 1.61e+001 1.19e+010   2.0 4.03e+000   7.1 3.44e-001 2.85e-002h  1
 309 2.2138358e+000 1.60e+001 1.12e+010   2.0 5.83e+000   6.6 8.28e-002 6.56e-003h  1
iter    objective    inf_pr   inf_du lg(mu)  ||d||  lg(rg) alpha_du alpha_pr  ls
 310 2.2206195e+000 1.55e+001 1.08e+010   2.0 4.25e+000   7.0 2.96e-002 3.27e-002h  1
 311 2.2201698e+000 1.51e+001 1.07e+010   2.0 6.36e+000   6.5 1.42e-002 2.71e-002h  1
 312 2.2204538e+000 1.51e+001 1.06e+010   2.0 3.84e+000   7.0 1.13e-001 2.43e-003h  1
 313 2.2199206e+000 1.50e+001 1.04e+010   2.0 7.91e+000   6.5 2.18e-002 3.73e-003h  1
 314 2.2217581e+000 1.48e+001 1.01e+010   2.0 3.86e+000   6.9 9.01e-002 1.74e-002h  1
 315 2.2211712e+000 1.47e+001 9.91e+009   2.0 1.66e+001   6.4 9.38e-003 1.95e-003h  1
 316 2.2219652e+000 1.46e+001 9.68e+009   2.0 4.21e+000   6.9 4.63e-002 1.25e-002h  1
 317 2.2268094e+000 1.41e+001 9.06e+009   2.0 3.59e+000   7.3 3.56e-003 2.88e-002h  1
 318 2.2277354e+000 1.39e+001 9.07e+009   1.3 5.30e+000   6.8 6.33e-005 1.97e-002h  1
 319 2.2277809e+000 1.39e+001 9.29e+009   1.3 3.44e+000   7.2 4.10e-002 2.90e-004h  1
iter    objective    inf_pr   inf_du lg(mu)  ||d||  lg(rg) alpha_du alpha_pr  ls
 320 2.2281199e+000 1.38e+001 9.14e+009   1.3 9.77e+000   6.8 1.09e-002 4.56e-003h  1
 321 2.2384757e+000 1.37e+001 1.03e+010   1.3 3.40e+000   7.2 5.21e-002 5.96e-002h  1
 322 2.2385194e+000 1.37e+001 1.03e+010   1.3 1.72e+001   6.7 1.52e-002 1.77e-004h  1
 323 2.2394167e+000 1.53e+001 7.95e+009   1.3 3.68e+000   7.1 1.29e-002 1.26e-002h  1
 324 2.2404178e+000 1.52e+001 7.94e+009   1.3 2.73e+001   6.7 1.48e-003 1.60e-003h  1
 325 2.2405668e+000 1.52e+001 7.94e+009   1.3 4.04e+000   7.1 6.81e-005 9.70e-004h  1
 326 2.2407688e+000 1.52e+001 7.93e+009   1.3 1.36e+001   6.6 1.10e-003 8.60e-004h  1
 327 2.2486597e+000 1.45e+001 6.83e+009   1.3 4.59e+000   7.0 1.87e-001 4.94e-002h  1
 328 2.2497815e+000 1.44e+001 7.68e+009   1.3 3.36e+000   7.5 8.84e-002 5.45e-003h  1
 329 2.2537620e+000 1.40e+001 7.33e+009   1.3 4.86e+000   7.0 4.40e-002 2.50e-002h  1
iter    objective    inf_pr   inf_du lg(mu)  ||d||  lg(rg) alpha_du alpha_pr  ls
 330 2.2544098e+000 1.40e+001 7.34e+009   1.3 3.45e+000   7.4 9.18e-003 3.61e-003h  1
 331 2.2610786e+000 1.35e+001 7.38e+009   1.3 7.50e+000   6.9 6.61e-003 3.82e-002h  1
 332 2.2620576e+000 1.34e+001 7.73e+009   1.3 3.41e+000   7.4 2.60e-001 5.27e-003h  1
 333 2.2630139e+000 1.33e+001 7.60e+009   1.3 1.96e+001   6.9 1.60e-002 1.12e-002h  1
 334 2.2649576e+000 1.31e+001 7.56e+009   1.3 2.80e+000   7.3 1.07e-001 1.46e-002h  1
 335 2.2773163e+000 1.20e+001 7.34e+009   1.3 8.03e+000   6.8 4.75e-002 8.72e-002h  1
 336 2.2784936e+000 1.19e+001 7.01e+009   1.3 2.63e+000   7.3 9.97e-002 8.45e-003h  1
 337 2.2785575e+000 1.18e+001 6.80e+009   1.3 9.62e+000   6.8 2.12e-002 4.71e-003h  1
 338 2.2790561e+000 1.18e+001 6.53e+009   1.3 2.66e+000   7.2 6.72e-002 3.89e-003h  1
 339 2.2841730e+000 1.14e+001 7.12e+009   1.3 2.28e+000   7.6 9.89e-002 2.84e-002h  1
iter    objective    inf_pr   inf_du lg(mu)  ||d||  lg(rg) alpha_du alpha_pr  ls
 340 2.2842310e+000 1.14e+001 5.32e+009   1.3 2.63e+000   7.2 2.80e-001 5.92e-004h  1
 341 2.2896466e+000 1.09e+001 6.07e+009   1.3 2.15e+000   7.6 1.61e-001 4.46e-002h  1
 342 2.2913163e+000 1.06e+001 5.26e+009   1.3 2.48e+000   7.1 1.17e-001 3.31e-002h  1
 343 2.2915690e+000 1.05e+001 5.89e+009   1.3 3.68e+000   7.5 1.72e-001 6.08e-003h  1
 344 2.2923859e+000 1.04e+001 7.09e+009   1.3 1.85e+000   8.0 5.03e-002 6.17e-003h  1
 345 2.2983696e+000 1.02e+001 8.95e+009   1.3 1.65e+000   8.4 5.04e-002 2.58e-002h  1
 346 2.3035186e+000 9.99e+000 2.41e+010   1.3 1.46e+000   8.8 9.14e-002 1.79e-002h  1
 347 2.3141082e+000 9.62e+000 4.88e+011   1.3 1.43e+000   9.2 8.81e-001 3.78e-002h  1
 348 2.3163160e+000 9.21e+000 6.42e+011   3.4 1.87e+000   9.7 1.64e-001 4.35e-002h  1
 349 2.3161268e+000 9.20e+000 6.31e+011   3.4 2.03e+000   9.2 3.76e-002 1.15e-003h  1
iter    objective    inf_pr   inf_du lg(mu)  ||d||  lg(rg) alpha_du alpha_pr  ls
 350 2.3156655e+000 9.13e+000 7.59e+011   3.4 2.23e+000   9.6 1.40e-001 7.76e-003h  1
 351 2.3131388e+000 8.76e+000 7.31e+011   3.4 2.32e+000   9.1 3.05e-002 4.07e-002h  1
 352 2.3127189e+000 8.73e+000 6.65e+011   3.4 2.47e+000   8.7 9.05e-002 2.71e-003h  1
 353 2.3115407e+000 8.50e+000 6.88e+011   3.4 2.32e+000   9.1 5.75e-001 2.63e-002h  1
 354 2.3106371e+000 8.21e+000 5.86e+011   3.2 2.56e+000   8.6 2.22e-001 3.49e-002h  1
 355 2.3105789e+000 8.19e+000 5.86e+011   3.4 2.25e+000   9.0 7.73e-003 1.69e-003h  1
 356 2.3092631e+000 7.91e+000 5.77e+011   3.4 2.32e+000   8.6 4.95e-003 3.48e-002h  1
 357 2.3092274e+000 7.90e+000 5.83e+011   3.4 2.20e+000   9.0 1.44e-001 1.51e-003h  1
 358 2.3086327e+000 7.43e+000 7.51e+011   3.4 2.30e+000   8.5 4.55e-002 5.90e-002h  1
 359 2.3084019e+000 7.42e+000 5.19e+011   3.4 1.76e+000   8.9 2.76e-001 2.01e-003h  1
iter    objective    inf_pr   inf_du lg(mu)  ||d||  lg(rg) alpha_du alpha_pr  ls
 360 2.3085051e+000 7.32e+000 4.69e+011   3.4 2.28e+000   8.5 1.19e-001 1.39e-002h  1
 361 2.3085997e+000 7.24e+000 4.63e+011  -1.2 2.19e+000   8.9 4.03e-002 1.00e-002h  1
 362 2.3112599e+000 6.95e+000 4.60e+011   3.4 2.93e+000   8.4 7.93e-004 4.01e-002h  1
 363 2.3114852e+000 6.92e+000 4.52e+011   3.4 2.13e+000   8.8 5.63e-002 4.76e-003h  1
 364 2.3219873e+000 6.43e+000 4.25e+011   3.4 2.89e+000   8.3 5.79e-002 7.04e-002h  1
 365 2.3240831e+000 6.29e+000 5.78e+011   3.4 2.01e+000   8.8 4.18e-001 2.21e-002h  1
 366 2.3317703e+000 6.06e+000 5.25e+011   3.4 2.76e+000   8.3 1.33e-001 3.59e-002h  1
 367 2.3318585e+000 6.06e+000 5.95e+011   3.4 1.91e+000   8.7 4.20e-001 7.28e-004h  1
 368 2.3395964e+000 5.87e+000 5.87e+011   3.4 2.68e+000   8.2 5.37e-003 3.12e-002h  1
 369 2.3398124e+000 5.86e+000 5.85e+011   3.4 1.83e+000   8.7 1.38e-001 1.68e-003h  1
iter    objective    inf_pr   inf_du lg(mu)  ||d||  lg(rg) alpha_du alpha_pr  ls
 370 2.3489005e+000 5.64e+000 6.53e+011   3.4 2.20e+000   8.2 1.37e-002 5.49e-002h  1
 371 2.3573420e+000 2.22e+001 5.08e+011   3.4 1.45e+000   8.6 9.89e-002 1.13e-001h  1
 372 2.3580639e+000 2.20e+001 5.48e+011   3.4 1.53e+000   9.0 7.22e-002 5.45e-003h  1
 373 2.3581063e+000 2.20e+001 4.14e+011   3.4 1.62e+000   8.6 4.88e-001 3.09e-003h  1
 374 2.3618567e+000 1.95e+001 7.80e+011   3.4 1.59e+000   9.0 1.63e-001 1.18e-001h  1
 375 2.3614040e+000 1.89e+001 3.10e+011   3.4 1.24e+000   8.5 2.07e-001 3.02e-002h  1
 376 2.3687666e+000 1.79e+001 3.05e+011   3.4 3.07e+000   8.0 2.86e-002 5.04e-002h  1
 377 2.3694457e+000 1.77e+001 1.98e+011   2.7 1.42e+000   8.5 3.75e-001 1.15e-002h  1
 378 2.3723581e+000 1.67e+001 1.83e+011   3.4 1.34e+000   8.9 4.33e-002 5.71e-002h  1
 379 2.3726306e+000 1.65e+001 1.58e+011   3.4 1.37e+000   8.4 3.56e-001 1.08e-002h  1
iter    objective    inf_pr   inf_du lg(mu)  ||d||  lg(rg) alpha_du alpha_pr  ls
 380 2.3754352e+000 1.50e+001 1.43e+011   3.4 1.28e+000   8.8 7.06e-002 9.45e-002h  1
 381 2.3783724e+000 1.37e+001 1.31e+011   3.4 1.24e+000   8.4 1.17e-001 8.73e-002h  1
 382 2.3788914e+000 1.35e+001 1.29e+011   3.4 1.08e+000   8.8 1.96e-001 1.52e-002h  1
 383 2.3826322e+000 1.22e+001 1.17e+011   3.4 1.12e+000   8.3 7.29e-003 9.59e-002h  1
 384 2.3829348e+000 1.21e+001 1.46e+011   3.4 9.71e-001   8.7 3.86e-001 8.37e-003h  1
 385 2.3854371e+000 1.13e+001 1.38e+011   3.4 1.01e+000   8.3 3.15e-002 6.11e-002h  1
 386 2.3893223e+000 1.02e+001 1.26e+011   3.4 9.08e-001   8.7 1.17e-001 9.99e-002h  1
 387 2.3904323e+000 9.92e+000 9.63e+010   3.4 8.50e-001   8.2 4.30e-001 2.66e-002h  1
 388 2.3939417e+000 9.04e+000 9.14e+010   3.4 8.00e-001   8.6 1.98e-001 8.86e-002h  1
 389 2.3953348e+000 8.74e+000 5.81e+011   3.4 7.54e-001   8.2 5.38e-001 3.35e-002h  1
iter    objective    inf_pr   inf_du lg(mu)  ||d||  lg(rg) alpha_du alpha_pr  ls
 390 2.3974858e+000 1.74e+001 1.77e+011   3.4 4.86e-001   8.6 3.05e-002 2.78e-001h  1
 391 2.3989947e+000 1.68e+001 2.13e+011   3.1 5.45e-001   9.0 1.00e+000 3.92e-002h  1
 392 2.4009356e+000 1.60e+001 7.82e+011   3.4 5.23e-001   9.4 1.00e+000 4.58e-002h  1
 393 2.4136959e+000 1.04e+001 4.94e+011   3.4 5.25e-001   9.0 1.00e+000 3.54e-001h  1
 394 2.4147948e+000 9.10e+000 1.25e+011   3.4 2.81e-001   8.5 6.17e-001 1.26e-001h  1
 395 2.4194083e+000 7.62e+000 1.95e+011   3.4 3.65e-001   8.0 6.88e-001 1.63e-001h  1
 396 2.4210657e+000 7.05e+000 2.02e+011   2.8 2.75e-001   8.4 1.00e+000 7.43e-002h  1
 397 2.4305556e+000 4.15e+000 1.41e+011   3.4 2.76e-001   8.0 9.92e-001 4.10e-001f  1
 398 2.4308878e+000 4.04e+000 1.35e+011   2.3 1.48e-001   8.4 1.00e+000 2.50e-002h  1
 399 2.4383029e+000 1.81e+000 6.90e+010   1.6 1.52e-001   7.9 1.00e+000 5.51e-001h  1
iter    objective    inf_pr   inf_du lg(mu)  ||d||  lg(rg) alpha_du alpha_pr  ls
 400 2.4444567e+000 4.50e-001 3.98e+009   3.0 7.16e-002   7.4 9.73e-001 1.00e+000f  1
 401 2.4443640e+000 6.96e-004 2.37e+007   1.1 3.30e-003   7.0 9.86e-001 1.00e+000f  1
 402 2.4443640e+000 2.51e-009 2.27e+005  -4.6 4.10e-006   6.5 9.90e-001 1.00e+000h  1
 403 2.4443639e+000 9.23e-011 2.30e+003  -6.6 2.74e-008   6.0 9.90e-001 1.00e+000h  1
 404 2.4443328e+000 1.74e-007 2.03e+001  -2.7 6.12e-005   5.5 1.00e+000 1.00e+000f  1
 405 2.4443301e+000 3.35e-009 7.64e-001  -3.9 6.91e-006   5.0 1.00e+000 1.00e+000f  1
 406 2.4443201e+000 2.79e-003 5.49e+001  -4.0 1.90e-005   4.6 1.00e+000 1.00e+000f  1
 407 2.4443183e+000 1.62e-008 1.23e-001  -5.1 1.00e-005   4.1 1.00e+000 1.00e+000h  1
 408 2.4443076e+000 2.86e-009 3.34e-002  -6.2 8.15e-006   3.6 1.00e+000 1.00e+000h  1
 409 2.4442742e+000 3.61e-008 3.34e-002  -6.8 2.45e-005   3.1 1.00e+000 1.00e+000f  1
iter    objective    inf_pr   inf_du lg(mu)  ||d||  lg(rg) alpha_du alpha_pr  ls
 410 2.4442152e+000 1.27e-007 7.23e-002  -7.2 7.06e-005   2.7 1.00e+000 6.32e-001f  1
 411 2.4440900e+000 3.40e-007 8.28e-002  -7.4 2.06e-004   2.2 1.00e+000 4.89e-001f  1
 412 2.4439826e+000 4.83e-007 1.25e-001  -6.8 6.30e-004   1.7 1.00e+000 1.43e-001f  1
 413 2.4437440e+000 8.56e-007 1.33e+000  -6.0 1.89e-003   1.2 1.00e+000 1.18e-001f  1
 414 2.4433450e+000 1.38e-006 6.11e+000  -5.2 5.56e-003   0.7 1.00e+000 9.28e-002f  1
 415 2.4346695e+000 6.79e-001 3.45e+001  -4.1 2.38e-002   0.3 1.00e+000 7.15e-001f  1
 416 2.4151091e+000 2.55e+000 1.11e+001  -4.1 3.67e-002  -0.2 4.06e-001 1.00e+000h  1
 417 2.3448201e+000 3.10e+000 2.31e+001  -3.4 1.13e-001  -0.7 4.59e-001 1.00e+000f  1
 418 2.0455617e+000 4.56e+001 6.57e+000  -2.7 4.16e-001  -1.2 4.44e-001 8.77e-001f  1
 419 2.0549608e+000 3.53e+001 5.27e+000  -3.1 5.29e-001  -0.7 9.14e-001 2.71e-001h  1
iter    objective    inf_pr   inf_du lg(mu)  ||d||  lg(rg) alpha_du alpha_pr  ls
 420 2.0957007e+000 2.23e+001 3.57e+001  -2.2 8.16e-001  -1.2 9.76e-001 4.24e-001f  1
 421 1.9895846e+000 5.49e+001 2.09e+001  -2.3 7.75e-001  -1.7 5.88e-001 3.61e-001f  1
 422 1.9740806e+000 3.61e+001 1.08e+001  -2.3 5.71e-001  -1.3 8.99e-001 3.51e-001h  1
 423 1.8735438e+000 1.49e+001 4.36e+000  -2.0 1.61e+000  -1.7 1.00e+000 5.79e-001f  1
 424 1.7042863e+000 9.90e+000 1.01e+001  -2.3 1.37e+000  -2.2 7.20e-001 1.00e+000f  1
 425 1.6603908e+000 2.79e-001 6.22e-001  -2.9 9.09e-002  -0.9 1.00e+000 1.00e+000h  1
 426 1.5629251e+000 5.82e-001 2.89e-001  -3.3 1.91e-001  -1.4 9.87e-001 9.75e-001h  1
 427 1.4453929e+000 8.68e-001 1.33e-001  -3.0 2.63e-001  -1.8 1.00e+000 1.00e+000h  1
 428 1.3283285e+000 6.85e-001 2.85e-001  -3.1 5.44e-001  -2.3 8.84e-001 1.00e+000h  1
 429 1.2162445e+000 3.14e+000 2.50e-001  -3.1 1.17e+000  -2.8 9.69e-001 1.00e+000h  1
iter    objective    inf_pr   inf_du lg(mu)  ||d||  lg(rg) alpha_du alpha_pr  ls
 430 1.1959787e+000 2.33e-001 6.38e-002  -3.6 6.28e-002  -1.5 9.97e-001 1.00e+000h  1
 431 1.1841616e+000 6.44e-002 3.03e-002  -4.6 3.75e-002  -1.0 1.00e+000 1.00e+000h  1
 432 1.1635516e+000 3.39e-001 2.98e-002  -5.3 1.09e-001  -1.5 1.00e+000 7.96e-001h  1
 433 1.1551640e+000 7.19e-002 8.73e-003  -5.4 4.15e-002  -1.1 1.00e+000 9.65e-001h  1
 434 1.1481414e+000 9.66e-002 4.07e-002  -5.9 9.66e-002  -1.6 1.00e+000 3.50e-001h  1
 435 1.1449291e+000 6.34e-002 3.32e-002  -5.5 3.89e-002  -1.1 1.00e+000 4.60e-001h  1
 436 1.1399561e+000 7.38e-002 6.70e-002  -6.1 1.20e-001  -1.6 1.00e+000 2.86e-001h  1
 437 1.1343325e+000 9.78e-002 1.62e-001  -6.4 2.73e-001  -2.1 1.00e+000 1.45e-001h  1
 438 1.1232130e+000 2.23e-001 3.25e-001  -6.4 5.64e-001  -2.6 1.00e+000 1.59e-001h  1
 439 1.1083938e+000 4.00e-001 4.13e-001  -5.0 9.67e-001  -3.1 1.00e+000 1.41e-001h  1
iter    objective    inf_pr   inf_du lg(mu)  ||d||  lg(rg) alpha_du alpha_pr  ls
 440 1.0956658e+000 5.57e-001 2.22e-001  -4.8 3.88e-001  -2.6 1.00e+000 2.71e-001h  1
 441 1.0814185e+000 6.55e-001 2.15e-001  -4.3 2.25e+000  -3.1 1.00e+000 2.18e-001h  1
 442 1.0554296e+000 1.18e+000 6.34e-002  -4.6 3.41e-001  -2.7 1.00e+000 9.27e-001h  1
 443 1.0468133e+000 1.06e-001 1.22e-002  -5.2 1.22e-001  -2.3 1.00e+000 1.00e+000h  1
 444 1.0402485e+000 1.39e-001 2.70e-002  -5.4 2.26e-001  -2.7 1.00e+000 4.38e-001h  1
 445 1.0312309e+000 2.38e-001 2.63e-002  -5.1 6.58e-001  -3.2 1.00e+000 3.01e-001h  1
 446 1.0252797e+000 1.82e-001 2.02e-002  -5.1 2.44e-001  -2.8 1.00e+000 5.52e-001h  1
 447 1.0188891e+000 2.41e-001 3.09e-002  -4.9 9.38e-001  -3.3 1.00e+000 2.75e-001h  1
 448 1.0106131e+000 1.79e-001 6.73e-003  -5.2 2.33e-001  -2.8 1.00e+000 9.17e-001h  1
 449 1.0033368e+000 2.58e-001 1.61e-002  -5.2 6.58e-001  -3.3 1.00e+000 3.69e-001h  1
iter    objective    inf_pr   inf_du lg(mu)  ||d||  lg(rg) alpha_du alpha_pr  ls
 450 9.9544901e-001 1.42e-001 8.70e-003  -5.7 2.68e-001  -2.9 1.00e+000 9.98e-001h  1
 451 9.9336580e-001 1.44e-001 1.30e-002  -5.3 1.31e+000  -3.4 1.00e+000 1.16e-001h  1
 452 9.8751532e-001 1.34e-001 5.17e-003  -5.7 3.31e-001  -2.9 1.00e+000 8.25e-001h  1
 453 9.8461886e-001 2.01e-002 7.48e-003  -6.2 1.60e-001  -2.5 1.00e+000 9.97e-001h  1
 454 9.8388568e-001 2.71e-002 1.69e-002 -11.0 1.54e+001  -3.0 2.00e-002 1.61e-002h  1
 455 9.8145725e-001 1.77e-002 7.61e-003  -5.6 1.58e-001  -2.6 1.00e+000 8.38e-001h  1
 456 9.7735763e-001 6.06e-002 2.86e-002  -6.1 3.23e-001  -3.0 1.00e+000 5.05e-001h  1
 457 9.7449668e-001 6.34e-001 8.17e-002  -4.4 8.54e-001  -3.5 8.79e-001 2.53e-001f  1
 458 9.6649926e-001 2.69e-001 6.39e-003  -5.1 3.52e-001  -3.1 1.00e+000 1.00e+000h  1
 459 9.4887790e-001 2.93e+000 1.99e-002  -5.5 1.05e+000  -3.6 1.00e+000 9.82e-001h  1
iter    objective    inf_pr   inf_du lg(mu)  ||d||  lg(rg) alpha_du alpha_pr  ls
 460 9.3870636e-001 1.64e+001 9.97e-002  -4.3 2.58e+000  -4.0 1.00e+000 5.10e-001h  1
 461 9.2672408e-001 2.35e+000 4.40e-002  -4.6 9.66e-001  -3.6 1.00e+000 1.00e+000h  1
 462 9.1137648e-001 1.26e+001 6.99e-002  -4.4 2.30e+000  -4.1 1.00e+000 8.83e-001h  1
 463 8.9593069e-001 1.25e+001 6.78e-002  -4.4 6.71e+000  -4.6 4.39e-001 5.13e-001h  1
 464 8.8452868e-001 3.50e+000 2.52e-002  -4.4 2.69e+000  -4.1 1.00e+000 1.00e+000h  1
 465 8.7305354e-001 8.41e+000 9.50e-002  -4.4 7.89e+000  -4.6 4.77e-001 5.60e-001h  1
 466 8.6120518e-001 4.95e+000 8.22e-002  -4.6 2.14e+000  -4.2 1.00e+000 1.00e+000h  1
 467 8.6314159e-001 8.07e-001 8.06e-003  -4.3 6.39e-001  -3.8 1.00e+000 1.00e+000h  1
 468 8.5821258e-001 6.27e-001 5.57e-002  -4.8 3.07e-001  -3.3 9.80e-001 1.00e+000h  1
 469 8.5392989e-001 1.65e+000 1.10e-002  -4.6 8.48e-001  -3.8 1.00e+000 1.00e+000h  1
iter    objective    inf_pr   inf_du lg(mu)  ||d||  lg(rg) alpha_du alpha_pr  ls
 470 8.6146168e-001 1.07e+001 6.10e-002  -4.2 2.51e+000  -4.3 1.00e+000 7.81e-001h  1
 471 8.5950884e-001 7.16e+001 5.60e-001  -4.3 1.04e+002  -4.8 1.78e-002 3.81e-002h  1
 472 8.5454138e-001 4.51e+001 3.64e-001  -4.3 3.03e+000  -4.3 7.56e-001 4.25e-001h  1
 473 8.4798484e-001 5.43e+001 6.10e-001  -4.3 9.98e+000  -4.8 3.67e-001 3.37e-001h  1
 474 8.6609183e-001 7.66e+000 1.88e-001  -4.0 2.92e+000  -4.4 1.00e+000 1.00e+000h  1
 475 8.6634123e-001 3.73e-001 1.43e-002  -4.1 7.84e-001  -4.0 9.24e-001 1.00e+000h  1
 476 8.6670646e-001 1.20e-001 7.41e-002  -4.1 9.70e-001  -3.5 4.01e-001 1.00e+000h  1
 477 8.6111890e-001 2.18e-001 1.43e-002  -4.8 1.84e-001  -3.1 9.97e-001 1.00e+000h  1
 478 8.5291891e-001 1.39e+000 7.01e-003  -5.0 4.86e-001  -3.6 1.00e+000 8.70e-001h  1
 479 8.6857887e-001 4.82e+000 3.71e-001  -3.0 2.90e+001  -4.1 2.65e-001 3.20e-002f  1
iter    objective    inf_pr   inf_du lg(mu)  ||d||  lg(rg) alpha_du alpha_pr  ls
 480 9.4036873e-001 9.55e+000 1.32e+000  -3.6 2.34e+001    -  2.87e-001 5.25e-001h  1
 481 9.4066027e-001 1.10e+002 2.35e+000  -3.6 1.04e+001  -4.6 3.40e-001 2.78e-001h  1
 482 9.5387516e-001 8.63e+001 1.76e+000  -3.6 7.57e+000  -4.1 1.20e-001 2.15e-001h  1
 483 9.9612028e-001 4.02e+001 8.92e-001  -3.6 8.91e+000  -4.6 5.41e-001 5.35e-001h  1
 484 1.0009290e+000 1.79e+001 3.80e-001  -3.6 2.07e+000  -2.4 5.55e-001 6.10e-001h  1
 485 1.0073694e+000 1.72e+001 1.79e+000  -3.6 3.16e-001  -2.8 1.00e+000 1.00e+000f  1
 486 9.7580251e-001 3.32e+002 4.72e+000  -3.6 1.91e+000  -3.3 3.33e-001 1.00e+000h  1
 487 9.7386174e-001 1.80e+002 2.73e+000  -3.6 2.24e+001  -3.8 8.27e-002 3.79e-001h  1
 488 9.7931949e-001 1.60e+002 2.50e+000  -3.6 2.79e+000  -2.5 6.22e-001 9.93e-002h  1
 489 9.9383035e-001 1.04e+002 2.44e+000  -3.6 1.03e+001  -2.9 6.18e-001 1.96e-001h  1
iter    objective    inf_pr   inf_du lg(mu)  ||d||  lg(rg) alpha_du alpha_pr  ls
 490 1.0133997e+000 4.19e+001 1.28e+000  -3.6 3.04e+000  -3.4 1.00e+000 5.40e-001h  1
 491 1.0429004e+000 5.46e+000 1.78e+000  -3.6 2.64e+000  -3.9 8.40e-001 1.00e+000h  1
 492 1.0474243e+000 5.19e+001 1.76e+000  -3.6 1.07e+003    -  7.58e-003 7.09e-003h  1
 493 1.0394137e+000 3.30e+002 7.39e+000  -3.6 3.46e+000  -4.4 4.48e-001 1.00e+000h  1
 494 1.0391009e+000 2.55e+002 5.75e+000  -3.6 1.81e+001  -4.9 1.77e-001 2.25e-001h  1
 495 1.0882468e+000 1.32e+002 1.97e+000  -3.6 1.47e+001  -5.3 2.42e-001 5.77e-001h  1
 496 1.1382001e+000 1.28e+002 3.79e+000  -3.6 1.51e+001    -  1.64e-001 4.03e-001H  1
 497 1.1359892e+000 1.21e+002 3.65e+000  -3.6 6.14e+001  -4.9 8.72e-002 4.58e-002h  1
 498 1.1395271e+000 1.12e+002 3.39e+000  -3.6 3.16e+001    -  2.69e-001 7.32e-002f  1
 499 1.1466880e+000 1.32e+002 4.18e+000  -3.6 8.17e+001    -  1.43e-001 3.15e-001h  1
iter    objective    inf_pr   inf_du lg(mu)  ||d||  lg(rg) alpha_du alpha_pr  ls
 500 1.1638823e+000 6.74e+001 2.14e+000  -3.6 7.08e+000  -4.5 4.60e-001 4.84e-001h  1
 501 1.1689927e+000 6.19e+001 1.96e+000  -3.6 3.57e+001    -  2.99e-001 8.23e-002h  4
 502 1.1934000e+000 1.35e+001 2.57e-001  -3.6 7.28e+000  -5.0 3.78e-001 9.36e-001h  1
 503 1.2049380e+000 2.02e+001 1.55e-001  -3.6 3.04e+001    -  5.44e-001 5.10e-001H  1
 504 1.2158644e+000 1.54e+001 1.46e+000  -3.6 4.15e+000    -  1.00e+000 1.00e+000h  1
 505 1.1660365e+000 3.52e+002 5.20e+000  -3.6 3.77e+001    -  2.80e-001 5.21e-001h  1
 506 1.1479266e+000 2.34e+002 3.74e+000  -3.6 2.87e+001    -  2.25e-001 3.65e-001h  1
 507 1.1433705e+000 1.54e+002 2.22e+000  -3.6 2.35e+001    -  1.57e-001 3.57e-001H  1
 508 1.1725158e+000 1.01e+002 2.02e+000  -3.6 1.55e+001    -  3.78e-001 6.78e-001h  1
 509 1.1722994e+000 9.17e+001 1.88e+000  -3.6 3.44e+001    -  1.92e-001 7.71e-002h  1
iter    objective    inf_pr   inf_du lg(mu)  ||d||  lg(rg) alpha_du alpha_pr  ls
 510 1.1722763e+000 6.90e+001 1.44e+000  -3.6 5.76e+000    -  1.00e+000 3.13e-001h  1
 511 1.1814813e+000 2.09e+001 4.35e-001  -3.6 4.43e+000  -4.5 3.61e-001 7.00e-001h  1
 512 1.1865189e+000 2.39e+001 1.38e+000  -3.6 1.44e+001    -  7.49e-001 9.95e-001h  1
 513 1.1422128e+000 4.18e+002 5.66e+000  -3.6 4.25e+001    -  2.68e-001 5.52e-001h  1
 514 1.1244378e+000 2.77e+002 3.99e+000  -3.6 8.14e+001    -  1.44e-001 3.71e-001h  1
 515 1.1301194e+000 1.95e+002 2.74e+000  -3.6 3.31e+001    -  2.08e-001 2.93e-001H  1
 516 1.1403245e+000 1.65e+002 1.39e+000  -3.6 1.54e+001    -  2.13e-001 6.41e-001h  1
 517 1.1553738e+000 1.59e+002 2.68e+000  -3.6 2.64e+001    -  2.67e-001 6.83e-001h  1
 518 1.1224732e+000 2.91e+002 4.11e+000  -3.6 2.47e+001    -  2.90e-001 3.31e-001h  1
 519 1.1421599e+000 1.20e+002 1.64e+000  -3.6 7.91e+000    -  5.03e-001 6.70e-001h  1
iter    objective    inf_pr   inf_du lg(mu)  ||d||  lg(rg) alpha_du alpha_pr  ls
 520 1.1456707e+000 1.11e+002 1.42e+000  -3.6 5.66e+001  -5.0 1.95e-002 4.14e-002h  2
 521 1.1545111e+000 4.39e+001 2.32e-001  -3.6 6.62e+000    -  1.00e+000 8.85e-001h  1
 522 1.1621600e+000 1.62e+001 1.11e-001  -3.6 2.81e+000    -  1.00e+000 1.00e+000h  1
 523 1.1619540e+000 2.21e-001 3.04e-003  -3.6 6.71e-001    -  1.00e+000 1.00e+000h  1
 524 1.1618981e+000 2.41e-003 1.75e-005  -3.6 7.83e-002    -  1.00e+000 1.00e+000h  1
 525 1.0895512e+000 3.65e+001 2.45e-001  -9.6 2.58e+001    -  2.82e-001 1.86e-001f  1
 526 1.0523391e+000 5.20e-001 2.33e-002  -3.9 1.07e+000  -4.6 1.00e+000 1.00e+000h  1
 527 1.0505373e+000 1.17e+000 5.32e-002  -3.9 1.38e+002    -  3.82e-002 1.05e-002h  4
 528 9.8250626e-001 4.87e+001 4.97e-001  -3.9 1.85e+001    -  1.00e+000 9.32e-001h  1
 529 9.7360411e-001 1.69e+001 1.48e-001  -3.9 5.74e+000  -5.1 1.00e+000 1.00e+000h  1
iter    objective    inf_pr   inf_du lg(mu)  ||d||  lg(rg) alpha_du alpha_pr  ls
 530 9.7237182e-001 1.71e+001 1.48e-001  -3.9 1.93e+001    -  7.38e-001 7.57e-002h  3
 531 9.7089375e-001 2.81e+000 1.60e-002  -3.9 2.20e+000  -5.5 1.00e+000 1.00e+000h  1
 532 9.6906405e-001 1.49e-001 1.20e+000  -3.9 2.15e+000    -  1.00e+000 1.00e+000H  1
 533 9.0558428e-001 1.14e+002 1.83e+000  -9.9 2.72e+001    -  2.75e-001 2.00e-001f  1
 534 8.9900666e-001 9.80e+001 1.58e+000  -4.1 1.80e+001  -6.0 5.27e-001 1.39e-001h  1
 535 8.6452338e-001 1.58e+001 1.07e-001  -4.1 2.74e+000  -5.6 1.00e+000 1.00e+000h  1
 536 8.5068282e-001 2.71e+000 1.72e-002  -4.1 4.00e+000    -  1.00e+000 1.00e+000h  1
 537 8.1638675e-001 1.06e+001 4.09e-002  -4.2 2.85e+000    -  1.00e+000 9.82e-001h  1
 538 7.9440413e-001 4.55e+000 2.55e-002  -4.7 9.54e-001  -4.3 1.00e+000 1.00e+000h  1
 539 7.8725199e-001 8.56e-001 4.66e-003  -4.8 4.60e-001  -3.8 1.00e+000 9.96e-001h  1
iter    objective    inf_pr   inf_du lg(mu)  ||d||  lg(rg) alpha_du alpha_pr  ls
 540 7.7319460e-001 3.05e+000 1.11e-002  -4.8 1.36e+000  -4.3 1.00e+000 9.56e-001h  1
 541 7.9833844e-001 1.74e+001 6.52e-002  -4.1 3.03e+000  -4.8 8.34e-001 6.07e-001h  1
 542 7.9698781e-001 3.14e-001 3.17e-003  -4.3 7.27e-001  -4.4 1.00e+000 1.00e+000h  1
 543 7.8430801e-001 1.68e+000 1.97e-002  -4.5 2.59e+000  -4.8 9.77e-001 5.25e-001h  1
 544 8.0962722e-001 8.51e+000 4.01e-002  -4.0 2.74e+000  -4.4 1.00e+000 7.27e-001h  1
 545 8.1240352e-001 1.01e+000 8.56e-003  -4.1 1.46e+000  -4.0 1.00e+000 8.91e-001h  1
 546 8.1374080e-001 1.26e-002 5.81e-003  -4.1 6.81e-001  -3.6 1.00e+000 1.00e+000f  1
 547 8.0224621e-001 1.18e+000 1.15e-002  -4.4 1.22e+000  -4.0 9.42e-001 1.00e+000h  1
 548 7.9761345e-001 2.46e-001 8.26e-003  -4.5 6.07e-001  -3.6 1.00e+000 1.00e+000h  1
 549 7.8211604e-001 2.99e+000 1.32e-002  -5.2 9.58e-001  -4.1 1.00e+000 8.15e-001h  1
iter    objective    inf_pr   inf_du lg(mu)  ||d||  lg(rg) alpha_du alpha_pr  ls
 550 7.7709117e-001 1.24e+000 1.54e-002  -5.2 4.75e-001  -3.7 1.00e+000 7.20e-001h  1
 551 7.7191158e-001 1.05e+000 4.62e-002  -4.9 3.13e+000  -4.1 5.51e-001 4.02e-001f  1
 552 7.6287558e-001 6.75e-001 2.33e-002  -4.5 2.68e+000  -4.6 1.00e+000 7.41e-001h  1
 553 7.7204643e-001 3.69e+000 1.44e-002  -4.3 3.98e+000  -5.1 1.00e+000 6.41e-001h  1
 554 7.6136957e-001 2.26e+000 6.18e-003  -4.4 1.20e+001    -  5.77e-001 6.27e-001h  1
 555 7.6504301e-001 8.09e-001 3.83e-003  -4.3 4.14e+000    -  1.00e+000 9.87e-001f  1
 556 7.3657057e-001 1.26e+001 4.86e-002  -4.5 4.20e+000    -  1.00e+000 9.61e-001h  1
 557 7.2263138e-001 5.75e+000 1.76e-002  -4.5 3.41e+000    -  1.00e+000 1.00e+000h  1
 558 7.2164624e-001 3.23e+000 9.86e-003  -4.5 5.56e+000    -  1.00e+000 4.50e-001h  1
 559 7.2100516e-001 8.53e-001 6.53e-003  -4.5 1.60e+000  -4.7 1.00e+000 7.73e-001h  1
iter    objective    inf_pr   inf_du lg(mu)  ||d||  lg(rg) alpha_du alpha_pr  ls
 560 7.2075010e-001 3.76e-001 1.12e-002  -4.5 2.93e-001  -3.3 1.00e+000 5.83e-001h  1
 561 7.2007428e-001 6.96e-001 3.13e-002  -4.5 8.87e+000    -  5.73e-001 1.00e+000h  1
 562 7.1897401e-001 7.74e-002 6.26e-003  -4.6 7.88e-001  -3.8 9.96e-001 1.00e+000h  1
 563 7.1472135e-001 3.56e-001 1.71e-003  -4.7 8.18e-001  -4.3 8.49e-001 1.00e+000h  1
 564 7.0331229e-001 2.13e+000 9.93e-003  -4.9 1.43e+000  -4.8 1.00e+000 8.64e-001h  1
 565 6.9477636e-001 2.02e+000 9.30e-003  -5.3 9.72e-001  -4.3 1.00e+000 1.00e+000h  1
 566 6.9818206e-001 1.68e+000 4.22e-003  -4.7 1.27e+000  -4.8 1.00e+000 9.47e-001h  1
 567 6.9120348e-001 9.93e-001 2.89e-003  -4.8 2.26e+000  -5.3 1.00e+000 9.15e-001h  1
 568 6.8622799e-001 6.51e-001 2.61e-003  -4.9 1.66e+000  -4.9 1.00e+000 9.80e-001h  1
 569 6.8345051e-001 2.83e-001 5.02e-003  -5.6 3.75e-001  -3.5 1.00e+000 9.93e-001h  1
iter    objective    inf_pr   inf_du lg(mu)  ||d||  lg(rg) alpha_du alpha_pr  ls
 570 6.8345806e-001 7.84e-002 6.60e-003  -5.0 4.83e-001  -4.0 1.00e+000 7.61e-001h  1
 571 6.8755610e-001 1.03e+000 9.30e-003  -4.7 2.89e+001    -  5.36e-001 4.06e-001h  1
 572 6.8511656e-001 1.98e-001 1.18e-003  -4.9 1.44e+000  -4.5 1.00e+000 1.00e+000h  1
 573 6.7953965e-001 9.19e-001 3.68e-003  -5.1 1.58e+000  -5.0 1.00e+000 7.17e-001h  1
 574 6.8151967e-001 7.19e-001 4.22e-003  -4.8 2.29e+000  -5.5 1.00e+000 7.31e-001h  1
 575 6.8104163e-001 3.04e-001 1.58e-003  -4.8 5.33e+000    -  1.00e+000 1.00e+000h  1
 576 6.8092219e-001 4.49e-003 3.25e-004  -4.8 1.56e+000    -  1.00e+000 1.00e+000h  1
 577 6.7721395e-001 5.89e-001 3.67e-003  -5.0 3.64e+000    -  9.87e-001 3.87e-001h  1
 578 6.8913818e-001 4.61e+000 1.29e-002  -4.7 2.87e+000  -5.9 8.45e-001 8.87e-001h  1
 579 6.8510551e-001 2.55e+000 7.12e-003  -4.8 3.10e+000  -6.4 8.17e-001 5.90e-001h  1
iter    objective    inf_pr   inf_du lg(mu)  ||d||  lg(rg) alpha_du alpha_pr  ls
 580 6.8361621e-001 1.94e+000 5.41e-003  -4.8 6.43e+000    -  2.38e-001 3.04e-001h  1
 581 6.8248387e-001 3.05e-001 2.40e-003  -4.8 4.13e+000  -5.1 1.00e+000 9.11e-001f  1
 582 6.8090165e-001 1.45e-001 7.75e-004  -4.8 3.83e+000    -  1.00e+000 1.00e+000f  1
 583 6.8025696e-001 1.13e-001 3.46e-003  -4.8 3.92e+000    -  5.71e-001 5.79e-001H  1
 584 6.7524767e-001 8.33e-001 2.30e-003  -4.9 2.45e+000    -  1.00e+000 8.15e-001h  1
 585 6.6690436e-001 3.37e+000 1.00e-002  -5.1 3.29e+000    -  1.00e+000 9.92e-001h  1
 586 6.6440518e-001 5.14e-001 2.68e-003  -5.1 1.57e+000    -  1.00e+000 1.00e+000h  1
 587 6.5783420e-001 3.13e+000 1.19e-002  -5.5 2.29e+000  -5.6 1.00e+000 9.95e-001h  1
 588 6.6978439e-001 1.24e+001 4.16e-002  -4.9 3.98e+000  -5.1 3.91e-001 1.00e+000h  1
 589 6.6946759e-001 1.21e+001 4.02e-002  -5.2 4.79e+001    -  6.26e-002 2.68e-002h  1
iter    objective    inf_pr   inf_du lg(mu)  ||d||  lg(rg) alpha_du alpha_pr  ls
 590 6.6511900e-001 1.88e+000 5.70e-003  -5.2 7.01e-001  -4.7 1.00e+000 1.00e+000h  1
 591 6.6313166e-001 1.54e+000 7.05e-003  -5.2 3.16e+000    -  1.00e+000 3.75e-001h  1
 592 6.5764130e-001 2.92e+000 1.77e-002  -5.3 2.86e+000    -  1.00e+000 1.00e+000h  1
 593 6.5734066e-001 1.18e+000 7.28e-003  -5.3 6.15e+000    -  5.74e-001 6.28e-001h  1
 594 6.6240235e-001 2.14e+000 1.27e-002  -5.1 2.41e+000  -5.2 6.01e-001 1.00e+000h  1
 595 6.5979131e-001 5.42e-001 2.65e-003  -5.3 1.05e+000  -5.7 1.00e+000 1.00e+000h  1
 596 6.5875438e-001 3.87e-001 1.43e-002  -5.3 7.73e+000    -  9.75e-001 4.43e-001h  1
 597 6.5723912e-001 2.49e-001 2.61e-003  -5.3 2.47e+000  -6.1 1.00e+000 1.00e+000h  1
 598 6.5702951e-001 1.99e-002 4.29e-003  -5.3 7.35e+000    -  8.36e-001 1.00e+000h  1
 599 6.5697288e-001 1.67e-002 6.65e-003  -5.3 7.20e+000  -6.6 1.00e+000 3.44e-001h  2
iter    objective    inf_pr   inf_du lg(mu)  ||d||  lg(rg) alpha_du alpha_pr  ls
 600 6.5663789e-001 3.96e-002 1.76e-003  -5.4 6.87e+000    -  1.00e+000 7.63e-001H  1
 601 6.5368343e-001 6.90e-001 4.14e-003  -5.8 5.92e+000    -  7.21e-001 5.38e-001h  1
 602 6.5346609e-001 5.67e-001 5.63e-003  -5.6 6.95e+000    -  6.74e-001 1.98e-001h  1
 603 6.5571069e-001 4.95e-001 2.60e-003  -5.3 9.04e-001  -5.3 1.00e+000 1.00e+000h  1
 604 6.5400356e-001 2.57e-001 1.56e-003  -5.5 4.72e-001  -5.8 1.00e+000 1.00e+000h  1
 605 6.5688963e-001 1.10e+000 1.30e-002  -5.2 1.62e+001    -  6.12e-001 3.39e-001h  1
 606 6.5656096e-001 1.97e-002 3.55e-004  -5.4 8.51e-001  -6.2 1.00e+000 1.00e+000h  1
 607 6.5497294e-001 2.67e-001 1.39e-003  -5.4 2.07e+000    -  9.38e-001 1.00e+000h  1
 608 6.5353697e-001 2.35e-001 1.35e-003  -5.5 1.59e+000    -  1.00e+000 1.00e+000h  1
 609 6.5123397e-001 7.81e-001 5.45e-003  -5.8 3.18e+000    -  1.00e+000 9.97e-001h  1
iter    objective    inf_pr   inf_du lg(mu)  ||d||  lg(rg) alpha_du alpha_pr  ls
 610 6.5097051e-001 4.08e-002 5.35e-004  -5.8 1.74e+000    -  1.00e+000 1.00e+000h  1
 611 6.4996435e-001 2.41e-001 2.48e-003  -6.0 1.57e+000    -  9.94e-001 1.00e+000h  1
 612 6.4992935e-001 2.23e-002 1.85e-003  -5.9 2.68e+000    -  8.18e-001 1.00e+000h  1
 613 6.4917756e-001 1.36e-001 1.11e-003  -6.2 1.32e+000  -5.8 1.00e+000 1.00e+000h  1
 614 6.4896321e-001 2.42e-002 1.87e-004  -6.4 5.99e-001  -5.4 1.00e+000 1.00e+000h  1
 615 6.4889199e-001 3.29e-002 3.87e-004  -6.4 1.96e+000  -5.9 6.77e-001 6.90e-001h  1
 616 6.4989757e-001 3.22e-001 4.28e-003  -5.9 3.58e+000  -6.3 2.15e-001 8.12e-001h  1
 617 6.4981756e-001 3.14e-001 4.06e-003  -6.3 5.19e+001  -6.8 1.59e-001 5.30e-002h  1
 618 6.4914669e-001 2.37e-001 2.44e-003  -6.3 4.83e+000  -6.4 5.55e-001 8.00e-001f  1
 619 6.4911118e-001 2.17e-001 2.23e-003  -6.3 9.01e+000  -6.9 7.61e-002 9.86e-002h  1
iter    objective    inf_pr   inf_du lg(mu)  ||d||  lg(rg) alpha_du alpha_pr  ls
 620 6.4907525e-001 2.28e-001 2.45e-003  -6.3 1.03e+003    -  1.00e-002 8.02e-003f  1
 621 6.4903411e-001 2.03e-001 2.19e-003  -6.3 1.49e+001    -  7.69e-001 1.15e-001f  1
 622 6.4876803e-001 7.48e-002 1.14e-003  -6.3 1.14e+001    -  1.00e+000 1.00e+000f  1
 623 6.4898497e-001 1.49e-001 2.62e-003  -6.0 2.73e+001    -  1.45e-002 1.91e-001h  1
 624 6.4876179e-001 8.68e-002 9.33e-004  -6.4 4.52e+000    -  1.00e+000 6.76e-001h  1
 625 6.4903747e-001 7.29e-002 4.32e-004  -6.1 1.80e+000    -  1.00e+000 8.03e-001f  1
 626 6.4894204e-001 4.21e-002 7.43e-004  -6.2 2.99e+000    -  1.00e+000 5.60e-001h  1
 627 6.4854538e-001 7.04e-002 4.53e-004  -6.4 1.40e+000    -  1.00e+000 1.00e+000f  1
 628 6.4851515e-001 2.17e-003 1.91e-005  -6.5 7.24e-001    -  1.00e+000 1.00e+000h  1
 629 6.4833900e-001 1.72e-002 1.56e-004  -6.8 9.92e-001    -  1.00e+000 8.67e-001h  1
iter    objective    inf_pr   inf_du lg(mu)  ||d||  lg(rg) alpha_du alpha_pr  ls
 630 6.4832716e-001 3.88e-003 4.26e-005  -6.8 1.97e-001    -  1.00e+000 7.76e-001h  1
 631 6.4828697e-001 1.09e-003 1.74e-005  -6.9 2.43e-001    -  1.00e+000 9.41e-001h  1
 632 6.4823873e-001 1.03e-003 1.17e-004  -7.2 4.21e-001    -  1.00e+000 7.63e-001h  1
 633 6.4820454e-001 5.19e-004 1.15e-005  -7.5 4.09e-001    -  1.00e+000 9.66e-001h  1
 634 6.4819172e-001 8.29e-005 6.24e-006  -7.8 2.97e-001    -  1.00e+000 9.97e-001h  1
 635 6.4818619e-001 1.61e-005 3.01e-006  -8.3 2.26e-001    -  1.00e+000 9.95e-001h  1
 636 6.4818435e-001 1.77e-006 8.42e-007  -8.7 1.37e-001    -  1.00e+000 9.99e-001h  1

Number of Iterations....: 636

                                   (scaled)                 (unscaled)
Objective...............:  6.4818435204405256e-001   6.4818435204405256e-001
Dual infeasibility......:  8.4217309029368058e-007   8.4217309029368058e-007
Constraint violation....:  9.9632029526217081e-007   1.7685979400994256e-006
Complementarity.........:  3.0052343457176513e-009   3.0052343457176513e-009
Overall NLP error.......:  9.9632029526217081e-007   1.7685979400994256e-006


Number of objective function evaluations             = 754
Number of objective gradient evaluations             = 634
Number of equality constraint evaluations            = 754
Number of inequality constraint evaluations          = 754
Number of equality constraint Jacobian evaluations   = 639
Number of inequality constraint Jacobian evaluations = 639
Number of Lagrangian Hessian evaluations             = 636
Total CPU secs in IPOPT (w/o function evaluations)   =    494.630
Total CPU secs in NLP function evaluations           =     44.824

EXIT: Optimal Solution Found.
               t_proc [s]   t_wall [s]    n_eval
       nlp_f        0.189        0.189       754
       nlp_g         1.42          1.4       754
  nlp_grad_f        0.368        0.365       635
  nlp_hess_l         28.8         28.8       634
   nlp_jac_g           14           14       640
      solver          539          539         1
