This is Ipopt version 3.12.3, running with linear solver ma86.

Number of nonzeros in equality constraint Jacobian...:    81928
Number of nonzeros in inequality constraint Jacobian.:     3600
Number of nonzeros in Lagrangian Hessian.............:    50323

Total number of variables............................:    13807
                     variables with only lower bounds:        0
                variables with lower and upper bounds:    13807
                     variables with only upper bounds:        0
Total number of equality constraints.................:    12857
Total number of inequality constraints...............:     1800
        inequality constraints with only lower bounds:      900
   inequality constraints with lower and upper bounds:        0
        inequality constraints with only upper bounds:      900

iter    objective    inf_pr   inf_du lg(mu)  ||d||  lg(rg) alpha_du alpha_pr  ls
   0 1.0183447e-001 7.90e+002 8.61e-001   0.0 0.00e+000    -  0.00e+000 0.00e+000   0
   1 2.0567287e-001 6.28e+002 1.38e+004   0.7 1.25e+001   0.0 4.98e-001 1.87e-001f  1
   2 2.7122451e-001 5.64e+002 6.93e+003   1.0 1.00e+001   0.4 1.00e+000 2.17e-001f  1
   3 2.9637813e-001 4.42e+002 1.80e+004  -5.0 1.27e+001  -0.1 3.73e-001 2.00e-001h  1
   4 4.1693984e-001 4.05e+002 3.03e+004   1.4 6.08e+000   2.2 1.00e+000 1.27e-001h  1
   5 5.9732206e-001 3.09e+002 1.34e+005   0.8 6.76e+000   1.7 3.49e-001 2.61e-001h  1
   6 6.8401679e-001 2.88e+002 2.19e+005   1.9 5.04e+000   3.0 1.00e+000 6.84e-002h  1
   7 7.3414890e-001 2.45e+002 2.38e+005   2.3 5.21e+000   2.6 6.75e-001 1.47e-001h  1
   8 6.7052041e-001 2.05e+002 4.57e+006   2.6 2.50e+001   2.1 1.22e-001 1.69e-001f  1
   9 7.1185082e-001 1.93e+002 4.14e+006   2.2 1.91e+000   4.3 2.42e-001 5.90e-002h  1
iter    objective    inf_pr   inf_du lg(mu)  ||d||  lg(rg) alpha_du alpha_pr  ls
  10 8.2437311e-001 1.65e+002 3.15e+006   2.2 2.80e+000   3.8 2.61e-001 1.55e-001h  1
  11 8.3274446e-001 1.62e+002 3.10e+006   2.2 3.02e+000   4.3 1.86e-001 1.53e-002h  1
  12 8.9231463e-001 1.48e+002 2.89e+006   2.2 2.79e+000   4.7 1.75e-001 8.81e-002h  1
  13 8.9466940e-001 1.47e+002 4.98e+006   1.5 2.62e+000   5.1 1.79e-001 4.87e-003h  1
  14 9.1463697e-001 1.41e+002 2.95e+007   1.5 2.66e+000   5.5 4.57e-001 3.91e-002h  1
  15 9.8812971e-001 1.17e+002 2.49e+007   3.4 2.64e+000   5.1 1.43e-001 1.70e-001h  1
  16 9.9391567e-001 1.16e+002 2.11e+007   3.4 2.18e+000   6.4 1.97e-002 1.15e-002h  1
  17 1.0005945e+000 1.14e+002 1.01e+008   3.4 1.83e+000   6.8 1.20e-001 1.45e-002h  1
  18 1.0054392e+000 1.13e+002 1.03e+008   3.4 2.30e+000   6.3 2.74e-002 1.10e-002h  1
  19 1.0207720e+000 1.09e+002 4.75e+008   3.4 2.16e+000   6.8 4.87e-001 3.24e-002h  1
iter    objective    inf_pr   inf_du lg(mu)  ||d||  lg(rg) alpha_du alpha_pr  ls
  20 1.0395672e+000 1.04e+002 4.74e+008   3.4 2.14e+000   7.2 6.13e-002 4.70e-002h  1
  21 1.0500301e+000 1.01e+002 1.21e+009   3.4 2.24e+000   7.6 6.88e-001 2.77e-002h  1
  22 1.0616063e+000 9.81e+001 1.33e+009  -2.6 2.23e+000   8.0 6.99e-002 3.22e-002h  1
  23 1.0623748e+000 9.78e+001 1.28e+009   3.4 1.83e+000   7.6 2.12e-001 3.27e-003h  1
  24 1.0843645e+000 9.01e+001 9.37e+009   3.3 1.87e+000   8.0 1.00e+000 7.85e-002h  1
  25 1.0922326e+000 8.66e+001 1.34e+010   3.4 1.79e+000   8.4 1.86e-001 3.89e-002h  1
  26 1.1063838e+000 8.08e+001 4.26e+010   3.4 1.73e+000   8.8 5.04e-001 6.63e-002h  1
  27 1.1093640e+000 7.97e+001 8.14e+010   3.4 1.62e+000   9.3 6.08e-001 1.46e-002h  1
  28 1.1159751e+000 7.68e+001 1.36e+011   3.4 1.61e+000   9.7 3.59e-001 3.63e-002h  1
  29 1.1212621e+000 7.46e+001 4.64e+011   3.3 1.52e+000  10.1 1.00e+000 2.77e-002h  1
iter    objective    inf_pr   inf_du lg(mu)  ||d||  lg(rg) alpha_du alpha_pr  ls
  30 1.1262718e+000 7.28e+001 7.66e+011   3.4 1.43e+000  10.5 3.88e-001 2.50e-002h  1
  31 1.1439180e+000 6.69e+001 5.42e+011   3.4 1.92e+000  10.1 5.40e-001 8.07e-002h  1
  32 1.1440997e+000 6.68e+001 5.62e+011   3.4 6.86e+000  10.5 1.12e-001 1.05e-003h  1
  33 1.1442617e+000 6.67e+001 7.64e+011   3.4 1.26e+000  10.0 4.56e-001 1.03e-003h  1
  34 1.1623931e+000 5.79e+001 6.61e+011   3.4 2.23e+000   9.5 1.26e-001 1.32e-001h  1
  35 1.1630086e+000 5.77e+001 4.57e+012   3.4 1.07e+000  10.9 4.56e-001 4.15e-003h  1
  36 1.1644079e+000 5.63e+001 6.18e+012   3.4 3.46e+000  10.4 1.92e-001 2.39e-002h  1
  37 1.1644780e+000 5.63e+001 5.68e+012  -1.7 2.08e+000  10.8 8.55e-002 5.97e-004h  1
  38 1.1688255e+000 5.30e+001 3.81e+012  -1.6 2.64e+000  10.3 8.02e-004 5.71e-002h  1
  39 1.1694529e+000 5.29e+001 1.38e+012  -1.7 6.13e+000  10.8 1.76e-002 2.87e-003h  1
iter    objective    inf_pr   inf_du lg(mu)  ||d||  lg(rg) alpha_du alpha_pr  ls
  40 1.1694702e+000 5.29e+001 1.37e+012   3.4 6.19e+000  11.2 6.62e-005 7.67e-005h  1
  41 1.1694718e+000 5.29e+001 1.37e+012   3.4 2.64e+000  10.7 4.56e-006 1.13e-005h  1
  42 1.1718721e+000 4.96e+001 1.24e+012   3.4 3.24e+000  10.2 9.53e-006 6.27e-002f  1
  43 1.1718750e+000 4.96e+001 1.45e+012   3.4 5.35e+000  10.7 8.94e-002 2.89e-005h  1
  44 1.1721884e+000 4.94e+001 3.10e+012   3.4 1.05e+000  11.1 1.68e-001 3.04e-003h  1
  45 1.1735522e+000 4.88e+001 3.06e+012  -1.5 1.02e+000  10.6 1.76e-002 1.25e-002h  1
  46 1.1756555e+000 4.79e+001 2.91e+012   3.4 9.51e-001  11.0 1.02e-004 1.80e-002h  1
  47 1.1819143e+000 4.52e+001 3.39e+012   3.4 1.36e+000  11.5 2.66e-003 5.64e-002h  1
  48 1.1820268e+000 4.52e+001 4.56e+012   3.4 3.83e+000  11.9 4.39e-004 8.63e-004h  1
  49 1.1820396e+000 4.52e+001 4.62e+012   3.4 1.14e+000  12.3 1.70e-005 1.13e-004h  1
iter    objective    inf_pr   inf_du lg(mu)  ||d||  lg(rg) alpha_du alpha_pr  ls
  50 1.1821324e+000 4.51e+001 4.62e+012   3.4 1.76e+000  11.8 1.16e-004 9.87e-004h  1
  51 1.1826875e+000 4.49e+001 4.60e+012   3.4 1.17e+000  12.3 1.47e-003 5.11e-003h  1
  52 1.1829638e+000 4.47e+001 4.58e+012   3.4 1.77e+000  11.8 2.36e-003 3.22e-003h  1
  53 1.1831188e+000 4.47e+001 4.57e+012   3.4 1.27e+000  12.2 8.64e-004 2.01e-003h  1
  54 1.1835134e+000 4.44e+001 4.55e+012   3.4 1.69e+000  11.7 3.61e-003 5.46e-003h  1
  55 1.1835770e+000 4.43e+001 4.53e+012   3.4 4.29e+000  11.3 7.23e-002 3.27e-003h  1
  56 1.1869588e+000 4.25e+001 4.35e+012   3.4 1.29e+000  11.7 1.21e-002 3.96e-002h  1
  57 1.1882263e+000 4.20e+001 4.30e+012  -1.8 4.73e+000  11.2 1.36e-002 1.17e-002h  1
  58 1.1882426e+000 4.20e+001 4.30e+012   3.4 8.28e-001  11.6 2.94e-003 1.74e-004h  1
  59r1.1882426e+000 4.20e+001 1.00e+003   3.4 0.00e+000  12.1 0.00e+000 3.96e-007R  5
iter    objective    inf_pr   inf_du lg(mu)  ||d||  lg(rg) alpha_du alpha_pr  ls
  60r1.1861592e+000 4.94e+001 6.34e+002  -2.8 2.14e+001    -  7.17e-001 3.40e-001f  1
  61 1.1548080e+000 8.13e+001 1.72e+002  -1.7 1.32e+000    -  2.16e-001 8.11e-001f  1
  62 9.8922267e-001 9.59e+001 2.16e+002  -1.1 4.70e+000    -  2.71e-001 1.00e+000f  1
  63 9.9393230e-001 6.84e+001 3.83e+012  -0.6 3.70e-001  11.6 9.91e-001 2.96e-001h  1
  64 9.9405260e-001 6.77e+001 3.79e+012   0.1 1.25e+000  12.0 1.00e+000 1.07e-002h  1
  65 9.9405732e-001 6.77e+001 3.79e+012   0.4 1.22e+000  11.5 1.00e+000 2.17e-004h  1
  66 1.0319068e+000 5.39e+001 2.88e+012  -5.6 1.42e+000  11.1 9.86e-006 2.52e-001h  1
  67 1.0327961e+000 5.24e+001 2.80e+012   1.4 1.87e+000  10.6 1.00e+000 2.79e-002h  1
  68 1.0329587e+000 5.20e+001 2.79e+012   1.6 1.50e+000  11.0 1.00e+000 6.18e-003h  1
  69 1.0336768e+000 5.11e+001 2.74e+012   2.4 1.52e+000  10.5 1.00e+000 1.71e-002h  1
iter    objective    inf_pr   inf_du lg(mu)  ||d||  lg(rg) alpha_du alpha_pr  ls
  70 1.0394896e+000 4.39e+001 2.37e+012   2.7 1.44e+000  11.0 1.00e+000 1.39e-001h  1
  71 1.0717138e+000 8.40e+000 1.03e+012   3.4 2.89e-001  10.5 9.86e-001 7.73e-001h  1
  72 1.0716627e+000 8.29e+000 1.02e+012   3.4 7.42e-001  10.0 1.51e-001 1.33e-002h  1
  73 1.0716605e+000 8.28e+000 1.02e+012   3.4 6.57e-001  10.4 1.43e-003 1.80e-003h  1
  74 1.0715599e+000 6.95e+000 8.56e+011   3.4 6.26e-001   9.9 5.21e-001 1.60e-001f  1
  75 1.0715760e+000 6.93e+000 8.54e+011   3.4 2.05e-001  10.4 9.91e-001 2.73e-003h  1
  76 1.0798403e+000 6.86e-001 1.23e+011   3.2 2.04e-001   9.9 1.00e+000 1.00e+000h  1
  77 1.0805031e+000 4.56e-001 8.93e+010   3.2 3.34e-001   9.4 1.00e+000 3.35e-001h  1
  78 1.0800090e+000 2.77e-002 1.03e+010   3.4 6.33e-002   8.9 4.76e-001 1.00e+000f  1
  79 1.0800268e+000 3.41e-003 2.18e+008   3.4 1.74e-002   8.5 9.87e-001 1.00e+000f  1
iter    objective    inf_pr   inf_du lg(mu)  ||d||  lg(rg) alpha_du alpha_pr  ls
  80 1.0798889e+000 4.00e-005 4.79e+005   3.0 4.90e-003   8.0 1.00e+000 1.00e+000f  1
  81 1.0798799e+000 8.08e-008 1.01e+004   1.5 4.38e-005   7.5 9.92e-001 1.00e+000f  1
  82 1.0798792e+000 6.31e-010 1.25e+002  -0.1 1.16e-005   7.0 1.00e+000 1.00e+000f  1
  83 1.0798776e+000 3.69e-009 1.13e+002  -0.2 3.13e-005   6.6 1.00e+000 1.00e+000f  1
  84 1.0798726e+000 3.32e-008 1.08e+002  -0.2 8.94e-005   6.1 1.00e+000 1.00e+000f  1
  85 1.0798573e+000 2.97e-007 9.48e+001  -0.2 2.36e-004   5.6 1.00e+000 1.00e+000f  1
  86 1.0798566e+000 4.75e-010 9.30e-001  -2.1 6.93e-006   5.1 1.00e+000 1.00e+000h  1
  87 1.0798547e+000 2.83e-009 9.80e-001  -2.2 2.19e-005   4.7 1.00e+000 1.00e+000f  1
  88 1.0798491e+000 2.55e-008 9.50e-001  -2.2 6.38e-005   4.2 1.00e+000 1.00e+000f  1
  89 1.0798321e+000 2.28e-007 8.73e-001  -2.2 1.76e-004   3.7 1.00e+000 1.00e+000f  1
iter    objective    inf_pr   inf_du lg(mu)  ||d||  lg(rg) alpha_du alpha_pr  ls
  90 1.0798195e+000 5.89e-009 2.20e-002  -4.1 1.33e-005   3.2 1.00e+000 1.00e+000h  1
  91 1.0797833e+000 3.35e-008 2.14e-002  -6.0 3.88e-005   2.7 1.00e+000 1.00e+000h  1
  92 1.0796748e+000 3.00e-007 2.14e-002  -7.6 1.16e-004   2.3 1.00e+000 1.00e+000h  1
  93 1.0793494e+000 2.70e-006 2.14e-002  -9.2 3.49e-004   1.8 1.00e+000 1.00e+000h  1
  94 1.0783747e+000 2.42e-005 2.14e-002 -10.6 1.05e-003   1.3 1.00e+000 1.00e+000h  1
  95 1.0754640e+000 2.70e-002 2.72e+000 -11.0 3.12e-003   0.8 1.00e+000 1.00e+000h  1
  96 1.0726218e+000 1.80e-002 1.81e+000  -9.0 9.13e-003   0.4 1.00e+000 3.34e-001h  1
  97 1.0725036e+000 1.79e-002 1.80e+000  -7.0 2.66e-002  -0.1 1.00e+000 4.73e-003h  1
  98 1.0030698e+000 1.24e-001 2.40e-001  -6.4 7.50e-002  -0.6 1.00e+000 1.00e+000h  1
  99 8.5038118e-001 8.93e-001 1.43e-001  -4.4 1.74e-001  -1.1 1.00e+000 9.74e-001h  1
iter    objective    inf_pr   inf_du lg(mu)  ||d||  lg(rg) alpha_du alpha_pr  ls
 100 6.0288465e-001 2.67e+001 4.52e+000  -3.3 4.02e-001  -1.6 9.87e-001 1.00e+000f  1
 101 4.5791284e-001 2.28e+001 3.78e+000  -3.1 9.41e-001  -2.0 2.75e-001 8.96e-001h  1
 102 4.7164174e-001 1.94e+001 4.17e+001  -1.7 3.61e+000  -0.7 6.92e-001 2.25e-001f  1
 103 5.9470993e-001 3.56e+001 6.02e+001  -0.9 3.52e+000  -1.2 3.39e-001 3.47e-001f  1
 104 5.7357413e-001 4.47e+001 1.47e+002  -1.4 3.95e+000  -0.8 9.95e-003 4.76e-001f  1
 105 5.6567186e-001 4.08e+001 1.35e+002  -1.4 2.02e+000   0.6 2.44e-001 8.62e-002h  1
 106 5.7521895e-001 3.18e+001 2.90e+002  -1.4 3.65e+000   0.1 7.88e-002 2.32e-001f  1
 107 5.7351174e-001 3.04e+001 2.72e+002  -1.4 2.62e+000   1.4 3.19e-002 4.60e-002h  1
 108 5.9857737e-001 2.07e+001 3.17e+003  -1.4 1.36e+000   1.9 4.32e-001 4.00e-001h  1
 109 5.8659935e-001 1.96e+001 3.60e+003   0.2 4.14e+000   2.3 1.00e+000 5.71e-002f  1
iter    objective    inf_pr   inf_du lg(mu)  ||d||  lg(rg) alpha_du alpha_pr  ls
 110 5.6292559e-001 2.69e+001 1.89e+004   2.0 3.33e+000   2.7 7.54e-002 1.27e-001f  1
 111 6.1917822e-001 4.02e+001 1.96e+006   1.9 1.58e+000   4.0 7.70e-001 6.98e-001f  1
 112 5.6520723e-001 2.40e+001 1.56e+007   1.9 2.06e+000   4.5 6.15e-001 1.00e+000h  1
 113 5.6745314e-001 2.38e+001 1.54e+007   3.4 1.57e+001   4.9 3.33e-001 1.05e-002f  3
 114 5.8029856e-001 1.56e+001 1.09e+007   3.4 1.18e+000   5.3 2.87e-001 3.27e-001h  1
 115 5.7841976e-001 1.33e+001 1.72e+007   3.4 7.57e+000   4.8 2.22e-002 1.54e-001h  1
 116 5.8208269e-001 1.22e+001 1.59e+007   3.4 1.80e+000   5.3 2.05e-001 8.77e-002h  1
 117 5.8146644e-001 1.21e+001 1.63e+007   3.4 4.55e+000   6.6 2.41e-002 3.96e-003h  1
 118 6.0004074e-001 1.74e+001 3.17e+009   3.4 5.78e+000   7.0 6.16e-004 2.16e-001f  1
 119 5.9508704e-001 1.52e+001 2.76e+009   3.1 5.44e-001   7.4 5.70e-001 1.29e-001f  1
iter    objective    inf_pr   inf_du lg(mu)  ||d||  lg(rg) alpha_du alpha_pr  ls
 120 5.9645458e-001 7.61e+000 1.32e+009   3.1 8.27e-001   7.0 5.24e-002 1.00e+000h  1
 121 5.9944678e-001 7.57e+000 1.30e+009   3.4 1.64e+001   7.4 5.85e-003 5.41e-003h  1
 122 5.9947363e-001 7.57e+000 1.30e+009   3.4 4.50e+000   7.8 9.49e-002 2.39e-004h  1
 123 5.9886432e-001 7.44e+000 1.28e+009   3.4 3.64e+000   7.3 1.25e-001 1.69e-002h  1
 124 6.0336461e-001 5.73e+000 9.02e+009   3.4 3.14e+000   7.8 3.55e-001 2.32e-001f  1
 125 6.1852609e-001 4.38e+000 5.32e+009   3.4 6.38e-001   7.3 3.12e-001 7.49e-001h  1
 126 6.3295409e-001 2.06e+001 7.85e+010   3.4 1.79e+000   8.6 7.81e-002 8.44e-001f  1
 127 6.1833069e-001 1.05e+001 1.49e+011   3.2 1.48e+000   9.0 1.24e-001 4.45e-001f  1
 128 6.1796793e-001 1.05e+001 1.48e+011   3.4 7.57e-001   9.5 1.49e-001 7.48e-003h  1
 129 6.1796361e-001 1.05e+001 1.48e+011   3.4 6.21e-001   9.9 4.72e-003 9.73e-005h  1
iter    objective    inf_pr   inf_du lg(mu)  ||d||  lg(rg) alpha_du alpha_pr  ls
 130 6.1513170e-001 9.81e+000 1.39e+011   3.4 7.05e-001   9.4 4.82e-001 6.35e-002f  1
 131 6.1510174e-001 9.81e+000 1.39e+011   3.4 1.02e+000   9.8 1.17e-001 5.82e-004h  1
 132 6.1503380e-001 9.79e+000 1.39e+011   3.4 8.91e-001  10.3 2.56e-001 1.26e-003h  1
 133 6.0671964e-001 6.40e+000 1.08e+011   3.4 1.29e+000   9.8 9.52e-001 3.58e-001H  1
 134 6.0658970e-001 6.35e+000 1.07e+011   3.4 6.17e-001  10.2 3.43e-001 7.52e-003h  1
 135 6.0640095e-001 6.31e+000 1.07e+011   3.3 1.11e+000   9.7 1.00e+000 7.03e-003h  1
 136 6.0566192e-001 5.97e+000 1.02e+011   3.4 6.75e-001  10.2 6.46e-001 5.31e-002h  1
 137 6.0770205e-001 5.21e+000 3.81e+011   3.4 1.04e+000  10.6 1.28e-002 1.39e-001h  1
 138 6.0758394e-001 5.04e+000 3.69e+011   3.4 2.02e+000  10.1 2.74e-003 3.17e-002f  1
 139 6.0698384e-001 4.96e+000 3.63e+011   3.4 8.38e-001  10.5 6.30e-001 1.66e-002h  1
iter    objective    inf_pr   inf_du lg(mu)  ||d||  lg(rg) alpha_du alpha_pr  ls
 140 6.0330715e-001 8.58e+000 8.30e+011   3.4 7.60e-001  10.1 6.93e-002 1.00e+000f  1
 141 5.9704473e-001 5.88e-001 1.73e+011   3.3 1.52e-001  10.5 3.96e-002 1.00e+000f  1
 142 5.9637517e-001 9.06e-003 1.51e+010   3.4 3.89e-002  10.0 7.42e-001 1.00e+000f  1
 143 5.9636780e-001 6.18e-006 1.60e+007   3.4 2.11e-003   9.5 9.90e-001 1.00e+000f  1
 144 5.9636745e-001 1.44e-008 1.92e+004   1.7 1.66e-005   9.1 1.00e+000 1.00e+000f  1
 145 5.9636249e-001 5.01e-006 2.60e+005   1.6 6.75e-004   8.6 1.00e+000 1.00e+000f  1
 146 5.9636191e-001 2.96e-008 3.39e+003   0.9 2.11e-005   8.1 9.96e-001 1.00e+000f  1
 147 5.9636145e-001 2.46e-008 1.07e+003   0.2 2.51e-005   7.6 1.00e+000 1.00e+000f  1
 148 5.9636004e-001 2.21e-007 1.02e+003   0.2 7.13e-005   7.2 1.00e+000 1.00e+000f  1
 149 5.9635659e-001 1.24e-006 8.06e+002   0.2 1.70e-004   6.7 1.00e+000 1.00e+000f  1
iter    objective    inf_pr   inf_du lg(mu)  ||d||  lg(rg) alpha_du alpha_pr  ls
 150 5.9635649e-001 8.48e-010 9.47e+000  -1.7 4.53e-006   6.2 9.99e-001 1.00e+000h  1
 151 5.9635613e-001 1.32e-008 9.26e+000  -1.7 1.75e-005   5.7 1.00e+000 1.00e+000f  1
 152 5.9635509e-001 1.06e-007 8.77e+000  -1.7 4.98e-005   5.2 1.00e+000 1.00e+000f  1
 153 5.9635229e-001 7.29e-007 7.68e+000  -1.7 1.31e-004   4.8 1.00e+000 1.00e+000f  1
 154 5.9634554e-001 3.68e-006 5.82e+000  -1.7 2.97e-004   4.3 1.00e+000 1.00e+000f  1
 155 5.9634478e-001 1.08e-009 1.15e-001  -3.6 7.61e-006   3.8 9.98e-001 1.00e+000h  1
 156 5.9634303e-001 6.69e-009 1.66e-002  -5.4 7.63e-006   3.3 1.00e+000 1.00e+000h  1
 157 5.9633780e-001 6.33e-008 1.65e-002  -7.1 2.28e-005   2.9 1.00e+000 1.00e+000h  1
 158 5.9632211e-001 5.70e-007 1.65e-002  -8.6 6.85e-005   2.4 1.00e+000 1.00e+000h  1
 159 5.9627505e-001 5.12e-006 1.65e-002 -10.0 2.05e-004   1.9 1.00e+000 1.00e+000h  1
iter    objective    inf_pr   inf_du lg(mu)  ||d||  lg(rg) alpha_du alpha_pr  ls
 160 5.9613398e-001 4.60e-005 1.65e-002 -11.0 6.16e-004   1.4 1.00e+000 1.00e+000h  1
 161 5.9571180e-001 4.13e-004 1.65e-002 -11.0 1.84e-003   1.0 1.00e+000 1.00e+000h  1
 162 5.9488859e-001 1.71e-003 1.64e-002  -9.0 5.48e-003   0.5 1.00e+000 6.54e-001h  1
 163 5.9119488e-001 3.32e-002 1.60e-002  -7.8 1.61e-002  -0.0 1.00e+000 1.00e+000h  1
 164 5.8079245e-001 2.45e-001 2.85e-002  -7.1 4.52e-002  -0.5 1.00e+000 1.00e+000h  1
 165 5.5464656e-001 6.66e-001 1.00e-001  -6.9 1.21e-001  -1.0 1.00e+000 1.00e+000h  1
 166 5.0192010e-001 1.83e+000 3.05e-001  -6.1 3.22e-001  -1.4 1.00e+000 1.00e+000h  1
 167 4.8290463e-001 3.00e-001 2.78e-001  -5.8 1.38e-001  -1.0 1.00e+000 1.00e+000h  1
 168 4.4691155e-001 1.23e+000 1.91e-001  -5.5 2.15e-001  -1.5 1.00e+000 1.00e+000h  1
 169 4.3403587e-001 1.40e-001 1.24e-001  -5.7 9.77e-002  -1.1 1.00e+000 1.00e+000h  1
iter    objective    inf_pr   inf_du lg(mu)  ||d||  lg(rg) alpha_du alpha_pr  ls
 170 4.0864457e-001 8.74e-001 1.74e-002  -5.2 1.29e-001  -1.5 1.00e+000 1.00e+000h  1
 171 3.8064895e-001 5.29e+000 3.07e+000  -4.2 6.59e-001  -2.0 1.00e+000 1.00e+000h  1
 172 4.5512298e-001 1.62e+001 1.15e+001  -2.5 1.46e+000  -1.6 1.00e+000 7.24e-001f  1
 173 4.5955723e-001 1.60e+001 1.14e+001  -2.6 2.96e+000   0.6 2.18e-001 7.94e-003H  1
 174 4.6590574e-001 1.43e+001 1.29e+002  -2.6 2.97e+000   1.1 4.24e-004 1.11e-001H  1
 175 4.4456641e-001 1.66e+001 8.37e+002  -2.6 2.53e+000   0.6 1.22e-003 6.34e-001f  1
 176 4.3081445e-001 1.36e+001 3.82e+003  -2.6 3.33e+000   1.9 3.19e-001 1.77e-001h  1
 177 4.5577539e-001 1.27e+001 3.37e+005  -2.6 1.10e+000   3.3 1.15e-003 1.00e+000f  1
 178 4.5238910e-001 1.25e+001 3.19e+005  -2.6 2.92e+001   3.7 8.45e-003 1.70e-002h  2
 179 4.5139828e-001 1.24e+001 3.19e+005  -2.6 1.42e+002   3.2 9.17e-003 1.71e-003h  2
iter    objective    inf_pr   inf_du lg(mu)  ||d||  lg(rg) alpha_du alpha_pr  ls
 180 4.2894614e-001 9.04e+000 8.18e+005  -2.6 1.65e+000   4.5 2.54e-001 2.27e-001h  1
 181 4.3585643e-001 3.96e+000 2.30e+007  -2.6 1.93e+000   5.0 1.42e-003 8.63e-001H  1
 182 4.7221988e-001 3.68e+000 9.20e+007  -2.6 7.57e-001   6.3 5.93e-001 1.00e+000h  1
 183 4.8917131e-001 7.19e+000 2.77e+008  -2.6 8.80e-001   6.7 4.71e-001 9.62e-001h  1
 184 4.7927888e-001 2.81e+000 4.74e+008  -2.6 6.79e-001   6.2 1.07e-001 8.88e-001f  1
 185 4.7654813e-001 2.39e+000 3.87e+008  -2.6 2.39e+000   6.7 1.54e-003 1.59e-001h  1
 186 4.7650660e-001 2.39e+000 3.86e+008  -2.6 2.11e+000   7.1 1.83e-001 3.21e-003H  1
 187r4.7650660e-001 2.39e+000 9.99e+002  -1.3 0.00e+000   7.5 0.00e+000 2.75e-007R  4
 188r4.9121220e-001 2.69e+000 9.95e+002  -0.2 1.62e+003    -  5.80e-003 1.00e-003f  1
 189 6.0693188e-001 2.52e+003 5.35e+002  -2.6 1.82e+001    -  4.44e-001 8.55e-001f  1
iter    objective    inf_pr   inf_du lg(mu)  ||d||  lg(rg) alpha_du alpha_pr  ls
 190 6.0778482e-001 2.47e+003 1.62e+007  -2.6 3.12e+000   7.0 2.44e-003 2.07e-002h  1
 191 6.0778758e-001 2.47e+003 1.62e+007  -2.6 2.69e+000   6.6 1.36e-002 3.90e-005h  1
 192r6.0778758e-001 2.47e+003 9.99e+002   2.4 0.00e+000   7.0 0.00e+000 4.64e-007R  2
 193r6.1429608e-001 2.47e+003 9.99e+002   4.1 5.65e+006    -  7.83e-005 6.03e-007f  1
 194r6.3975621e-001 1.75e+003 1.35e+003  -3.9 1.26e+005    -  2.64e-003 2.03e-003f  1
 195 1.1161342e+000 6.28e+002 6.98e+000  -2.6 2.09e+001    -  5.19e-001 6.78e-001h  1
 196 1.1168383e+000 6.18e+002 1.32e+007  -2.6 1.55e+000   6.5 2.80e-002 1.63e-002h  1
 197 1.1168401e+000 6.18e+002 1.32e+007  -2.6 1.15e+000   6.0 5.25e-001 3.80e-005h  1
 198 1.1168797e+000 6.17e+002 1.32e+007  -2.6 1.20e+000   5.6 4.08e-002 7.33e-004h  1
 199 1.1197647e+000 5.88e+002 3.51e+007  -2.6 1.14e+000   6.0 1.00e+000 4.63e-002h  1
iter    objective    inf_pr   inf_du lg(mu)  ||d||  lg(rg) alpha_du alpha_pr  ls
 200 1.1197742e+000 5.88e+002 3.51e+007  -2.6 1.29e+000   5.5 7.53e-002 1.16e-004h  1
 201 1.1198861e+000 5.87e+002 3.50e+007  -2.6 1.17e+000   5.9 1.00e+000 1.47e-003h  1
 202 1.2490157e+000 2.94e+002 2.17e+008  -2.6 1.36e+000   5.4 7.95e-002 4.83e-001h  1
 203 1.2505731e+000 2.92e+002 2.16e+008  -2.6 2.15e+000   5.9 4.21e-001 7.16e-003h  1
 204 1.2505783e+000 2.92e+002 2.16e+008  -2.6 1.97e+000   6.3 1.00e+000 2.46e-005h  1
 205 1.3483155e+000 1.98e+002 3.33e+008  -2.6 2.10e+000   5.8 5.03e-001 3.23e-001h  1
 206 1.4067944e+000 1.35e+002 1.14e+009  -2.6 2.48e+000   6.3 7.77e-004 3.41e-001h  1
 207 1.4068625e+000 1.35e+002 1.14e+009  -2.6 2.57e+000   6.7 3.69e-003 1.31e-003h  1
 208r1.4068625e+000 1.35e+002 1.00e+003   0.9 0.00e+000   6.2 0.00e+000 2.51e-007R  4
 209r1.4137165e+000 1.26e+002 9.74e+002   0.4 6.72e+003    -  2.73e-002 8.11e-004f  1
iter    objective    inf_pr   inf_du lg(mu)  ||d||  lg(rg) alpha_du alpha_pr  ls
 210 1.4247477e+000 7.83e+001 3.27e+002  -2.6 2.15e+000    -  2.47e-001 6.70e-001h  1
 211 1.4311367e+000 7.41e+001 7.87e+002  -2.6 1.16e+000    -  4.85e-001 1.00e+000h  1
 212 1.4296879e+000 7.12e+001 1.80e+005  -2.6 6.49e-001   5.7 2.47e-001 4.00e-002h  1
 213 1.4296753e+000 7.11e+001 1.80e+005  -2.6 6.40e-001   5.2 4.77e-001 3.69e-004h  1
 214 1.4175500e+000 2.97e+001 1.43e+006  -2.6 6.87e-001   4.8 2.82e-001 1.00e+000h  1
 215 1.4253857e+000 3.47e+000 4.23e+005  -2.6 2.26e-001   4.3 7.76e-001 1.00e+000h  1
 216 1.4265369e+000 1.48e-001 1.78e+004  -2.6 2.79e-002   3.8 9.99e-001 1.00e+000h  1
 217 1.4265438e+000 2.72e-004 4.99e+001  -2.6 9.59e-004   3.3 1.00e+000 1.00e+000h  1
 218 1.4264927e+000 4.29e-006 1.57e+000  -2.6 2.17e-003   2.9 1.00e+000 1.00e+000f  1
 219 1.4264420e+000 1.92e-006 1.07e-001  -2.6 4.44e-004   2.4 1.00e+000 1.00e+000h  1
iter    objective    inf_pr   inf_du lg(mu)  ||d||  lg(rg) alpha_du alpha_pr  ls
 220 1.4262635e+000 1.80e-005 2.38e-001  -2.6 2.96e-003   1.9 1.00e+000 1.00e+000f  1
 221 1.4258393e+000 1.10e-004 6.72e-002  -2.6 2.51e-003   1.4 1.00e+000 1.00e+000h  1
 222 1.4246007e+000 7.34e-004 6.54e-002  -2.6 7.33e-003   1.0 1.00e+000 1.00e+000h  1
 223 1.4212717e+000 4.47e-003 5.43e-002  -2.6 9.79e-003   0.5 1.00e+000 1.00e+000h  1
 224 1.4123826e+000 2.55e-002 9.93e-002  -2.6 2.29e-002  -0.0 1.00e+000 1.00e+000h  1
 225 1.3909059e+000 1.38e-001 2.03e-001  -2.6 5.11e-002  -0.5 1.00e+000 1.00e+000h  1
 226 1.3483341e+000 6.07e-001 4.20e-001  -2.6 1.14e-001  -1.0 1.00e+000 1.00e+000h  1
 227 1.2930464e+000 1.71e+000 5.03e-001  -2.6 1.90e-001  -1.4 1.00e+000 1.00e+000h  1
 228 1.2488486e+000 7.64e+000 5.27e-001  -2.6 3.43e-001  -1.9 1.00e+000 1.00e+000h  1
 229 1.2491571e+000 4.95e+001 9.43e+000  -2.6 8.21e-001  -1.5 9.07e-001 4.30e-001h  2
iter    objective    inf_pr   inf_du lg(mu)  ||d||  lg(rg) alpha_du alpha_pr  ls
 230 1.2365645e+000 5.18e+000 5.46e+000  -2.6 2.92e-001  -1.1 1.00e+000 1.00e+000h  1
 231 1.2274916e+000 4.80e-001 8.79e-001  -2.6 2.07e-001  -1.5 1.00e+000 1.00e+000h  1
 232 1.2208376e+000 5.84e-001 1.56e-001  -2.6 3.08e-001  -2.0 1.00e+000 1.00e+000h  1
 233 1.2192600e+000 6.02e-002 2.31e-002  -2.6 9.10e-002  -1.6 1.00e+000 1.00e+000h  1
 234 1.2057242e+000 1.95e+000 9.01e-001  -4.0 2.72e-001  -2.1 7.66e-001 1.00e+000h  1
 235 1.1766755e+000 2.31e+000 3.32e-001  -4.0 3.73e-001  -2.5 4.47e-001 1.00e+000h  1
 236 1.1409433e+000 4.09e+000 1.34e-001  -4.0 6.77e-001  -3.0 8.78e-001 1.00e+000h  1
 237 1.1298113e+000 2.62e+000 1.00e-001  -4.0 2.25e-001  -2.6 1.00e+000 1.00e+000h  1
 238 1.1069770e+000 3.08e+000 1.02e-001  -4.0 4.65e-001  -3.1 1.00e+000 1.00e+000h  1
 239 1.0581016e+000 2.56e+000 1.26e-001  -4.0 1.01e+000  -3.5 1.00e+000 1.00e+000h  1
iter    objective    inf_pr   inf_du lg(mu)  ||d||  lg(rg) alpha_du alpha_pr  ls
 240 1.0413458e+000 1.47e+000 2.37e-002  -4.0 3.41e-001  -3.1 1.00e+000 1.00e+000h  1
 241 1.0353804e+000 6.86e-001 2.74e-002  -4.0 1.23e-001  -2.7 1.00e+000 1.00e+000h  1
 242 1.0350857e+000 5.78e+000 3.09e-001  -4.0 6.57e-002  -1.4 1.00e+000 1.00e+000h  1
 243 1.0342373e+000 1.62e+000 9.12e-002  -4.0 5.06e-002  -1.8 1.00e+000 1.00e+000h  1
 244 1.0318293e+000 2.64e-001 1.93e-002  -4.0 5.15e-002  -2.3 1.00e+000 1.00e+000h  1
 245 1.0247333e+000 4.61e-002 1.90e-002  -4.0 1.47e-001  -2.8 1.00e+000 1.00e+000h  1
 246 1.0047837e+000 2.48e-001 1.14e-002  -4.0 4.00e-001  -3.3 1.00e+000 1.00e+000h  1
 247 9.5278096e-001 1.17e+000 4.12e-002  -4.0 1.10e+000  -3.8 1.00e+000 1.00e+000h  1
 248 8.3620883e-001 1.36e+001 1.02e-001  -4.0 2.61e+000  -4.2 5.11e-001 1.00e+000h  1
 249 7.9804078e-001 4.60e+000 7.88e-002  -4.0 1.02e+000  -3.8 7.21e-001 1.00e+000h  1
iter    objective    inf_pr   inf_du lg(mu)  ||d||  lg(rg) alpha_du alpha_pr  ls
 250 7.0948072e-001 8.87e+000 8.00e-002  -4.0 2.27e+000  -4.3 9.11e-001 1.00e+000h  1
 251 5.6169092e-001 2.49e+001 3.33e-001  -4.0 4.94e+000  -4.8 3.85e-001 1.00e+000h  1
 252 5.1853501e-001 2.52e+001 6.04e-001  -4.0 2.32e+000  -4.3 6.04e-001 1.00e+000h  1
 253 4.4639564e-001 2.04e+001 1.49e-001  -4.0 7.15e+000  -4.8 9.28e-001 9.89e-001h  1
 254 4.3872706e-001 2.76e+001 6.04e-002  -4.0 7.98e+000  -4.4 3.43e-001 3.08e-001h  1
 255 4.2997124e-001 1.77e-001 2.60e-002  -4.0 1.97e+000  -4.0 1.00e+000 1.00e+000h  1
 256 3.9289234e-001 5.41e+000 1.17e-001  -4.1 2.74e+000  -4.4 8.79e-001 1.00e+000h  1
 257 4.9882475e-001 3.86e+001 2.54e-001  -3.6 6.61e+000  -4.9 1.00e+000 1.00e+000h  1
 258 4.9451083e-001 3.58e+000 1.41e-001  -3.7 5.37e-001  -3.6 1.00e+000 1.00e+000h  1
 259 4.9242472e-001 6.85e+000 6.55e-002  -3.7 7.01e-001  -4.1 1.00e+000 1.00e+000h  1
iter    objective    inf_pr   inf_du lg(mu)  ||d||  lg(rg) alpha_du alpha_pr  ls
 260 4.9171953e-001 5.59e+000 9.98e-002  -3.7 3.98e-001  -3.6 1.00e+000 1.00e+000h  1
 261 4.9139674e-001 6.40e+000 1.12e-001  -3.7 7.89e-001  -4.1 1.00e+000 1.00e+000h  1
 262 4.9050805e-001 1.71e+001 6.98e-002  -3.7 7.45e+000    -  1.00e+000 5.00e-001h  2
 263 4.8842796e-001 3.23e+000 2.22e-002  -3.7 1.90e+000    -  1.00e+000 1.00e+000h  1
 264 4.8772464e-001 5.32e-001 2.85e-003  -3.7 7.93e-001    -  1.00e+000 1.00e+000h  1
 265 4.8761358e-001 4.93e-002 2.66e-004  -3.7 2.13e-001    -  1.00e+000 1.00e+000h  1
 266 4.6776994e-001 2.34e+001 3.79e-002  -3.8 1.03e+001    -  8.56e-001 4.25e-001h  1
 267 4.0661338e-001 1.78e+001 1.26e-001  -3.9 8.84e+000    -  1.00e+000 7.72e-001h  1
 268 3.8435424e-001 1.09e+000 1.33e-002  -3.9 3.13e+000    -  1.00e+000 1.00e+000h  1
 269 3.3474431e-001 1.94e+001 2.32e-002  -4.0 4.89e+000    -  1.00e+000 8.12e-001h  1
iter    objective    inf_pr   inf_du lg(mu)  ||d||  lg(rg) alpha_du alpha_pr  ls
 270 2.9442122e-001 1.59e+001 7.90e-002  -4.0 6.57e+000    -  1.00e+000 9.94e-001h  1
 271 2.6591107e-001 2.23e+000 3.57e-002  -4.4 2.04e+000  -4.6 1.00e+000 1.00e+000h  1
 272 2.5186409e-001 4.49e-001 4.40e-003  -4.6 8.31e-001  -4.2 9.98e-001 1.00e+000h  1
 273 2.1153251e-001 4.27e+000 2.21e-002  -5.2 3.18e+000  -4.6 9.96e-001 1.00e+000h  1
 274 2.5016513e-001 7.99e+001 2.68e-001  -4.1 6.72e+000  -5.1 1.00e+000 1.00e+000h  1
 275 2.3955328e-001 2.99e+001 1.83e-001  -4.2 1.95e+000  -4.7 1.00e+000 1.00e+000h  1
 276 2.8438274e-001 1.34e+002 2.67e-001  -4.0 4.42e+001    -  2.19e-001 3.79e-001h  1
 277 2.7650994e-001 4.64e+001 1.14e-001  -4.2 2.34e+000  -4.3 1.00e+000 6.98e-001h  1
 278 2.5919355e-001 3.61e+001 6.44e-002  -4.2 1.69e+001    -  5.87e-001 2.67e-001h  1
 279 2.4569823e-001 3.79e+000 2.79e-002  -4.2 2.40e+000  -4.7 1.00e+000 1.00e+000h  1
iter    objective    inf_pr   inf_du lg(mu)  ||d||  lg(rg) alpha_du alpha_pr  ls
 280 2.1934165e-001 9.40e+000 1.19e-001  -4.2 1.85e+001    -  5.10e-001 9.22e-001h  1
 281 2.1877442e-001 8.79e+000 1.11e-001  -4.2 1.86e+001    -  1.83e-001 6.73e-002h  2
 282 2.0330478e-001 2.64e+001 5.57e-002  -4.3 1.58e+000  -5.2 1.00e+000 1.00e+000h  1
 283 1.9651047e-001 1.22e+001 2.61e-002  -4.3 5.87e+000    -  6.62e-001 5.33e-001h  1
 284 1.7323841e-001 1.96e+000 4.68e-003  -4.4 3.29e+000    -  9.81e-001 1.00e+000h  1
 285 1.4614537e-001 2.58e+000 7.73e-003  -4.6 3.13e+000    -  1.00e+000 1.00e+000h  1
 286 1.4343936e-001 9.31e-001 2.63e-003  -4.6 2.07e+000  -5.7 1.00e+000 8.88e-001h  1
 287 1.1357396e-001 6.47e+000 1.45e-002  -4.9 7.44e+000    -  9.83e-001 1.00e+000h  1
 288 1.4576101e-001 1.79e+001 1.56e-002  -4.6 5.02e+000    -  1.00e+000 1.00e+000h  1
 289 1.2826256e-001 4.83e+000 4.19e-003  -4.7 2.50e+000    -  1.00e+000 1.00e+000h  1
iter    objective    inf_pr   inf_du lg(mu)  ||d||  lg(rg) alpha_du alpha_pr  ls
 290 1.0010328e-001 1.47e+001 1.66e-002  -5.0 5.15e+000    -  1.00e+000 1.00e+000h  1
 291 1.1876258e-001 9.22e+000 7.75e-003  -4.8 3.35e+000    -  1.00e+000 1.00e+000h  1
 292 1.0121623e-001 1.23e+001 7.42e-003  -5.0 3.97e+000    -  1.00e+000 1.00e+000h  1
 293 9.8960556e-002 2.86e-001 8.88e-004  -5.0 8.54e-001  -5.3 1.00e+000 1.00e+000h  1
 294 8.9218632e-002 3.06e+000 5.27e-003  -5.1 2.86e+000    -  1.00e+000 9.98e-001h  1
 295 8.0463704e-002 5.62e+000 8.47e-003  -5.4 3.82e+000    -  1.00e+000 1.00e+000h  1
 296 7.5785223e-002 5.61e+000 1.08e-002  -5.5 3.96e+000    -  1.00e+000 1.00e+000h  1
 297 7.5643509e-002 4.15e+000 7.88e-003  -5.5 1.18e+001    -  2.91e-001 2.71e-001h  1
 298 7.4129694e-002 3.61e-001 6.93e-004  -5.6 1.77e+000  -5.7 1.00e+000 1.00e+000h  1
 299 8.3496778e-002 4.18e+000 7.58e-003  -5.3 7.40e+000  -6.2 9.80e-001 9.93e-001h  1
iter    objective    inf_pr   inf_du lg(mu)  ||d||  lg(rg) alpha_du alpha_pr  ls
 300 8.2232832e-002 2.81e+000 5.09e-003  -5.4 1.57e+001    -  3.99e-001 3.41e-001h  1
 301 8.0592354e-002 9.61e-001 1.75e-003  -5.4 1.43e+001    -  8.46e-001 6.79e-001h  1
 302 7.9677095e-002 8.32e-002 3.89e-004  -5.4 2.50e+000    -  1.00e+000 1.00e+000h  1
 303 7.5079321e-002 7.60e+000 1.27e-002  -5.6 3.28e+000    -  1.00e+000 1.00e+000h  1
 304 7.4355418e-002 7.30e+000 1.22e-002  -5.7 7.29e+000    -  3.58e-001 3.52e-001h  1
 305 7.3371993e-002 6.11e+000 1.41e-002  -5.7 3.77e+000  -6.7 7.25e-001 7.38e-001h  1
 306 7.0606115e-002 3.79e+000 8.90e-003  -5.9 2.40e+000  -6.3 1.00e+000 1.00e+000h  1
 307 7.6099125e-002 3.45e+000 5.53e-003  -5.5 2.82e+000  -6.8 6.30e-001 1.00e+000h  1
 308 7.2729736e-002 7.26e+000 1.53e-002  -5.7 2.54e+000  -6.3 1.00e+000 1.00e+000h  1
 309 7.2707389e-002 7.80e+000 1.47e-002  -5.7 4.50e+001    -  7.75e-002 1.82e-002h  3
iter    objective    inf_pr   inf_du lg(mu)  ||d||  lg(rg) alpha_du alpha_pr  ls
 310 7.2486982e-002 4.55e+000 1.15e-002  -5.7 4.45e+000  -6.8 5.82e-001 1.87e-001H  1
 311 7.2469428e-002 4.87e+000 1.13e-002  -5.7 5.15e+001    -  3.72e-002 1.16e-002h  3
 312 7.2451785e-002 5.04e+000 1.08e-002  -5.7 1.67e+001  -7.3 2.32e-001 3.54e-002h  3
 313 7.1713827e-002 1.24e+001 5.39e-004  -5.7 1.97e+001    -  1.00e+000 1.00e+000H  1
 314 7.2127700e-002 4.17e+000 8.19e-003  -5.7 1.77e+000    -  1.00e+000 1.00e+000h  1
 315 6.9823335e-002 4.81e+000 9.80e-003  -5.9 2.37e+000    -  1.00e+000 1.00e+000h  1
 316 6.8123823e-002 1.89e-001 3.37e-004  -6.2 1.35e+000    -  1.00e+000 1.00e+000h  1
 317 6.7543096e-002 8.86e-002 1.65e-004  -6.3 8.51e-001    -  1.00e+000 1.00e+000h  1
 318 6.7011860e-002 4.81e-002 1.02e-004  -6.5 7.64e-001    -  1.00e+000 1.00e+000h  1
 319 6.6788510e-002 2.94e-002 6.23e-005  -6.6 5.61e-001    -  1.00e+000 9.99e-001h  1
iter    objective    inf_pr   inf_du lg(mu)  ||d||  lg(rg) alpha_du alpha_pr  ls
 320 6.6590619e-002 2.43e-002 5.21e-005  -6.8 6.07e-001    -  1.00e+000 1.00e+000h  1
 321 6.6457330e-002 1.98e-002 4.19e-005  -7.1 7.23e-001    -  1.00e+000 1.00e+000h  1
 322 6.6443081e-002 3.11e-003 8.09e-006  -7.1 3.09e-001    -  1.00e+000 1.00e+000h  1
 323 6.6404571e-002 4.62e-003 2.52e-005  -7.3 9.02e-001    -  1.00e+000 1.00e+000h  1
 324 6.6370067e-002 6.90e-003 1.32e-005  -7.5 4.65e-001    -  1.00e+000 1.00e+000h  1
 325 6.6350830e-002 4.73e-003 8.73e-006  -7.7 4.64e-001    -  1.00e+000 1.00e+000h  1
 326 6.6347172e-002 6.08e-004 1.46e-006  -7.8 2.08e-001    -  1.00e+000 1.00e+000h  1
 327 6.6337500e-002 1.83e-003 4.03e-006  -8.2 3.58e-001    -  1.00e+000 9.95e-001h  1
 328 6.6336364e-002 2.62e-004 6.40e-007  -8.3 1.33e-001    -  1.00e+000 1.00e+000h  1
 329 6.6333762e-002 1.06e-004 2.27e-007  -8.5 9.22e-002    -  1.00e+000 9.98e-001h  1
iter    objective    inf_pr   inf_du lg(mu)  ||d||  lg(rg) alpha_du alpha_pr  ls
 330 6.6332979e-002 4.41e-005 2.57e-007  -8.7 5.43e-002    -  1.00e+000 9.97e-001h  1

Number of Iterations....: 330

                                   (scaled)                 (unscaled)
Objective...............:  6.6332979400515898e-002   6.6332979400515898e-002
Dual infeasibility......:  2.5706562406817876e-007   2.5706562406817876e-007
Constraint violation....:  7.7775034355060917e-007   4.4063401617222553e-005
Complementarity.........:  3.3742556391594463e-009   3.3742556391594463e-009
Overall NLP error.......:  7.7775034355060917e-007   4.4063401617222553e-005


Number of objective function evaluations             = 384
Number of objective gradient evaluations             = 330
Number of equality constraint evaluations            = 384
Number of inequality constraint evaluations          = 384
Number of equality constraint Jacobian evaluations   = 335
Number of inequality constraint Jacobian evaluations = 335
Number of Lagrangian Hessian evaluations             = 330
Total CPU secs in IPOPT (w/o function evaluations)   =    230.795
Total CPU secs in NLP function evaluations           =     23.045

EXIT: Optimal Solution Found.
               t_proc [s]   t_wall [s]    n_eval
       nlp_f        0.079       0.0791       384
       nlp_g        0.599          0.6       384
  nlp_grad_f        0.271        0.269       331
  nlp_hess_l         14.6         14.6       326
   nlp_jac_g         7.43         7.43       336
      solver          254          254         1
