This is Ipopt version 3.12.3, running with linear solver ma97.

Number of nonzeros in equality constraint Jacobian...:    81928
Number of nonzeros in inequality constraint Jacobian.:     3600
Number of nonzeros in Lagrangian Hessian.............:    50323

Total number of variables............................:    13807
                     variables with only lower bounds:        0
                variables with lower and upper bounds:    13807
                     variables with only upper bounds:        0
Total number of equality constraints.................:    12857
Total number of inequality constraints...............:     1800
        inequality constraints with only lower bounds:      900
   inequality constraints with lower and upper bounds:        0
        inequality constraints with only upper bounds:      900

iter    objective    inf_pr   inf_du lg(mu)  ||d||  lg(rg) alpha_du alpha_pr  ls
   0 3.9731107e-001 3.75e+003 9.34e-001   0.0 0.00e+000    -  0.00e+000 0.00e+000   0
   1 4.3810357e-001 3.08e+003 1.08e+003  -0.0 3.48e+001    -  1.40e-001 1.72e-001f  1
   2 4.4547559e-001 3.02e+003 1.06e+003   1.1 3.31e+001   0.0 2.60e-001 1.93e-002f  1
   3 4.5649296e-001 4.33e+003 6.42e+004   1.2 9.49e+001    -  1.65e-001 1.07e-001f  1
   4 4.8197624e-001 4.08e+003 6.06e+004   0.7 3.77e+001   0.4 1.06e-001 5.75e-002f  1
   5 5.2254233e-001 3.72e+003 5.53e+004   0.7 3.45e+001  -0.1 8.51e-002 9.02e-002f  1
   6 5.7182783e-001 3.12e+003 4.63e+004   0.7 4.77e+001  -0.5 5.20e-002 1.70e-001f  1
   7 6.5122697e-001 2.60e+003 3.88e+004   0.7 2.48e+001  -0.1 5.10e-002 1.77e-001f  1
   8 7.4211672e-001 2.21e+003 3.69e+004   0.7 3.21e+001  -0.6 1.65e-001 1.62e-001f  1
   9 8.5487426e-001 1.78e+003 3.04e+004   0.7 2.04e+001  -0.2 3.36e-001 2.13e-001f  1
iter    objective    inf_pr   inf_du lg(mu)  ||d||  lg(rg) alpha_du alpha_pr  ls
  10 9.2789836e-001 1.68e+003 2.96e+004   0.7 9.64e+000   1.2 2.27e-001 5.29e-002h  1
  11 1.0143197e+000 1.58e+003 2.96e+004   0.7 1.25e+001   1.6 5.80e-002 6.43e-002h  1
  12 1.0883055e+000 1.51e+003 2.86e+004   0.7 9.14e+000   1.1 2.87e-001 4.56e-002h  1
  13 1.3615356e+000 1.34e+003 6.71e+004   0.7 5.74e+000   1.6 6.03e-001 1.12e-001h  1
  14 1.4734870e+000 1.28e+003 2.07e+005   0.7 5.73e+000   2.0 3.69e-001 4.32e-002h  1
  15 1.5379821e+000 1.25e+003 1.97e+005   0.7 6.47e+000   2.4 2.18e-002 2.35e-002h  1
  16 1.6713003e+000 1.20e+003 4.68e+004   0.7 5.51e+000   2.8 6.84e-003 4.16e-002h  1
  17 1.7108013e+000 1.18e+003 4.93e+006   0.7 5.99e+000   3.3 3.76e-001 1.28e-002h  1
  18 1.8580758e+000 1.10e+003 4.57e+006   0.7 9.23e+000   2.8 3.22e-002 6.95e-002h  1
  19 1.8656813e+000 1.10e+003 4.05e+007   0.7 6.94e+000   4.1 3.37e-001 2.93e-003h  1
iter    objective    inf_pr   inf_du lg(mu)  ||d||  lg(rg) alpha_du alpha_pr  ls
  20 1.9374985e+000 1.05e+003 3.87e+007   0.7 9.21e+000   3.6 1.50e-001 4.35e-002h  1
  21 1.9454920e+000 1.05e+003 2.72e+008   0.7 8.22e+000   5.0 3.96e-001 5.27e-003h  1
  22 1.9819736e+000 1.02e+003 4.22e+008   0.7 8.27e+000   5.4 1.41e-001 2.97e-002h  1
  23 1.9919769e+000 1.01e+003 1.00e+009   0.7 7.39e+000   5.8 1.52e-001 1.13e-002h  1
  24 2.0233504e+000 9.69e+002 9.99e+008   0.7 8.08e+000   5.3 1.19e-001 3.63e-002h  1
  25 2.0309960e+000 9.62e+002 9.56e+008   0.7 8.22e+000   4.9 1.27e-001 7.60e-003h  1
  26 2.0424065e+000 9.20e+002 9.15e+008   0.7 8.65e+000   5.3 6.06e-002 4.25e-002h  1
  27 2.0588262e+000 9.00e+002 8.81e+008   0.7 5.55e+000   5.7 1.76e-002 2.18e-002h  1
  28 2.0686408e+000 8.88e+002 8.71e+008   0.7 8.81e+000   5.2 3.67e-002 1.39e-002h  1
  29 2.0687947e+000 8.88e+002 1.38e+009   0.7 7.06e+000   5.7 1.71e-001 1.94e-004h  1
iter    objective    inf_pr   inf_du lg(mu)  ||d||  lg(rg) alpha_du alpha_pr  ls
  30 2.0845524e+000 8.57e+002 1.31e+009   0.7 8.06e+000   5.2 9.59e-003 3.46e-002h  1
  31 2.0864852e+000 8.54e+002 1.78e+009   0.7 7.63e+000   5.6 1.10e-001 3.74e-003h  1
  32 2.0982831e+000 8.30e+002 1.74e+009   0.7 1.02e+001   5.1 5.01e-003 2.92e-002h  1
  33 2.0984300e+000 8.29e+002 2.06e+009   0.7 9.21e+000   5.6 1.03e-001 2.41e-004h  1
  34 2.1097594e+000 8.16e+002 4.69e+009   0.7 6.24e+000   6.0 2.02e-001 1.56e-002h  1
  35 2.1626215e+000 7.88e+002 4.55e+009   0.7 3.05e+001   5.5 2.52e-002 3.55e-002h  1
  36 2.1682268e+000 7.84e+002 5.24e+009   0.7 9.23e+000   5.9 8.15e-002 4.46e-003h  1
  37 2.1682837e+000 7.84e+002 5.23e+009   0.7 7.19e+000   5.5 4.60e-003 1.05e-004h  1
  38 2.1688119e+000 7.83e+002 5.26e+009   0.7 6.64e+000   5.9 7.92e-003 8.35e-004h  1
  39 2.1943080e+000 7.53e+002 4.99e+009   0.7 8.74e+000   5.4 6.68e-002 3.94e-002h  1
iter    objective    inf_pr   inf_du lg(mu)  ||d||  lg(rg) alpha_du alpha_pr  ls
  40 2.2068864e+000 7.44e+002 6.24e+009   0.7 7.70e+000   5.8 2.86e-001 1.26e-002h  1
  41 2.2070609e+000 7.43e+002 1.38e+010   0.7 7.02e+000   6.3 3.72e-001 1.73e-004h  1
  42 2.2574318e+000 7.06e+002 1.24e+010   0.7 8.87e+000   5.8 1.86e-001 5.04e-002h  1
  43 2.2680107e+000 7.00e+002 1.23e+010   0.7 6.75e+000   6.2 8.43e-003 9.08e-003h  1
  44 2.2687237e+000 7.00e+002 1.23e+010   0.7 6.73e+000   6.6 8.18e-004 5.97e-004h  1
  45 2.2734833e+000 6.97e+002 1.30e+010   0.7 7.38e+000   6.2 6.34e-002 3.67e-003h  1
  46 2.2970599e+000 6.82e+002 1.14e+010   0.7 6.68e+000   6.6 3.10e-004 2.15e-002h  1
  47 2.2978187e+000 6.82e+002 1.13e+010   0.7 6.46e+000   7.0 8.60e-005 9.77e-004h  1
  48 2.2999974e+000 6.80e+002 1.12e+010   0.7 7.36e+000   6.5 1.46e-003 2.56e-003h  1
  49 2.3067819e+000 6.74e+002 1.24e+010   0.7 6.54e+000   7.0 1.87e-002 8.42e-003h  1
iter    objective    inf_pr   inf_du lg(mu)  ||d||  lg(rg) alpha_du alpha_pr  ls
  50 2.3187062e+000 6.66e+002 1.21e+010   0.7 9.12e+000   6.5 3.04e-003 1.22e-002h  1
  51 2.3214795e+000 6.64e+002 1.29e+010   0.7 6.51e+000   6.9 1.27e-002 3.33e-003h  1
  52 2.3315325e+000 6.58e+002 1.29e+010   0.7 1.01e+001   6.4 2.18e-002 9.18e-003h  1
  53 2.3316779e+000 6.57e+002 1.50e+010   0.7 7.95e+000   6.8 3.27e-002 2.84e-004h  1
  54 2.3327408e+000 6.55e+002 1.51e+010   0.7 7.80e+000   6.4 1.72e-002 3.04e-003h  1
  55 2.3333676e+000 6.55e+002 1.75e+010   0.7 7.47e+000   6.8 2.67e-002 1.23e-003h  1
  56 2.3440492e+000 6.41e+002 1.73e+010   0.7 7.64e+000   6.3 3.94e-002 2.10e-002h  1
  57 2.3446389e+000 6.40e+002 1.99e+010   0.7 7.43e+000   6.7 3.65e-002 1.10e-003h  1
  58 2.3603997e+000 6.23e+002 1.95e+010   0.7 7.78e+000   6.3 5.39e-002 2.77e-002h  1
  59 2.3606930e+000 6.22e+002 2.53e+010   0.7 7.15e+000   6.7 1.09e-001 4.86e-004h  1
iter    objective    inf_pr   inf_du lg(mu)  ||d||  lg(rg) alpha_du alpha_pr  ls
  60 2.3631060e+000 6.20e+002 2.49e+010   0.7 7.70e+000   6.2 6.18e-002 4.36e-003h  1
  61 2.3757117e+000 6.07e+002 2.34e+010   0.7 7.35e+000   6.6 5.82e-004 2.07e-002h  1
  62 2.3889590e+000 5.94e+002 2.31e+010   0.7 1.02e+001   6.2 1.30e-002 2.07e-002h  1
  63 2.3891830e+000 5.94e+002 3.00e+010   0.7 6.75e+000   6.6 2.24e-001 3.36e-004h  1
  64 2.4209089e+000 5.67e+002 2.88e+010   0.7 1.21e+001   6.1 3.91e-002 4.67e-002h  1
  65 2.4214198e+000 5.66e+002 3.37e+010   0.7 6.21e+000   6.5 2.95e-001 7.17e-004h  1
  66 2.4227396e+000 5.65e+002 3.26e+010   0.7 9.73e+000   6.1 3.80e-002 2.44e-003h  1
  67 2.4375788e+000 5.51e+002 3.15e+010   0.7 7.45e+000   6.5 3.67e-004 2.46e-002h  1
  68 2.4397122e+000 5.46e+002 3.16e+010   0.7 2.05e+001   6.0 9.73e-006 8.94e-003h  1
  69 2.4416085e+000 5.44e+002 3.15e+010   0.7 7.28e+000   6.4 1.37e-001 4.20e-003h  1
iter    objective    inf_pr   inf_du lg(mu)  ||d||  lg(rg) alpha_du alpha_pr  ls
  70 2.4434232e+000 5.38e+002 3.12e+010   0.7 3.04e+001   6.0 9.59e-003 1.14e-002h  1
  71 2.4534590e+000 5.23e+002 3.04e+010   0.7 7.23e+000   6.4 1.75e-002 2.81e-002h  1
  72 2.4537869e+000 5.22e+002 3.22e+010   0.7 7.17e+000   6.8 3.37e-002 9.08e-004h  1
  73 2.4598695e+000 5.09e+002 2.97e+010   0.7 8.17e+000   6.3 1.31e-001 2.48e-002h  1
  74 2.4599025e+000 5.09e+002 3.54e+010   0.7 7.33e+000   6.8 1.44e-001 1.14e-004h  1
  75 2.4668665e+000 4.96e+002 3.32e+010   0.7 8.34e+000   6.3 7.63e-002 2.69e-002h  1
  76 2.4670012e+000 4.96e+002 3.43e+010   0.7 6.54e+000   6.7 4.53e-002 5.63e-004h  1
  77 2.4680798e+000 4.93e+002 3.01e+010   0.7 7.68e+000   6.2 1.89e-001 6.01e-003h  1
  78 2.4752118e+000 4.79e+002 2.86e+010   0.7 6.87e+000   6.7 4.56e-003 2.79e-002h  1
  79 2.4762379e+000 4.76e+002 1.29e+010   1.8 6.63e+000   6.2 7.03e-001 6.08e-003h  1
iter    objective    inf_pr   inf_du lg(mu)  ||d||  lg(rg) alpha_du alpha_pr  ls
  80 2.4822607e+000 4.57e+002 4.13e+010   3.4 6.04e+000   6.6 1.00e+000 3.95e-002f  1
  81 2.4860916e+000 4.37e+002 3.93e+010   3.4 7.51e+000   6.1 4.78e-002 4.43e-002h  1
  82 2.4877936e+000 4.31e+002 3.84e+010   3.4 5.99e+000   6.6 1.94e-001 1.44e-002h  1
  83 2.4911115e+000 4.20e+002 4.06e+010   3.4 5.86e+000   7.0 6.18e-002 2.50e-002h  1
  84 2.4929126e+000 4.14e+002 3.76e+010   3.4 6.59e+000   6.5 1.83e-001 1.59e-002h  1
  85 2.4946942e+000 4.09e+002 4.73e+010   3.4 5.96e+000   6.9 1.51e-001 1.28e-002h  1
  86 2.5052144e+000 3.76e+002 4.26e+010   3.4 7.37e+000   6.5 1.08e-001 8.17e-002h  1
  87 2.5057586e+000 3.75e+002 4.32e+010   3.4 5.77e+000   6.9 2.04e-002 3.31e-003h  1
  88 2.5073833e+000 3.71e+002 4.10e+010   3.4 5.65e+000   7.3 2.44e-004 9.08e-003h  1
  89 2.5116302e+000 3.62e+002 4.16e+010   2.9 5.96e+000   6.8 1.03e-001 2.63e-002h  1
iter    objective    inf_pr   inf_du lg(mu)  ||d||  lg(rg) alpha_du alpha_pr  ls
  90 2.5139784e+000 3.57e+002 3.96e+010   3.4 5.58e+000   7.3 5.30e-003 1.38e-002h  1
  91 2.5183048e+000 3.47e+002 3.86e+010   3.4 6.14e+000   6.8 4.79e-004 2.69e-002h  1
  92 2.5188181e+000 3.46e+002 4.08e+010   3.4 5.63e+000   7.2 2.56e-002 4.77e-003h  1
  93 2.5224921e+000 3.37e+002 3.71e+010   3.4 5.17e+000   7.6 1.89e-002 2.53e-002h  1
  94 2.5259987e+000 3.27e+002 3.71e+010   3.4 5.43e+000   7.2 4.54e-002 3.10e-002h  1
  95 2.5264551e+000 3.25e+002 3.65e+010   3.4 4.94e+000   7.6 2.17e-003 3.41e-003h  1
  96 2.5295078e+000 3.16e+002 3.40e+010   3.4 5.45e+000   7.1 3.95e-004 2.92e-002h  1
  97 2.5296290e+000 3.16e+002 4.68e+010   3.4 5.30e+000   7.5 4.75e-002 9.70e-004h  1
  98 2.5335136e+000 3.08e+002 3.77e+010   3.4 5.28e+000   8.0 1.59e-002 2.51e-002h  1
  99 2.5376205e+000 2.98e+002 3.00e+010   3.4 5.63e+000   7.5 3.25e-003 3.37e-002h  1
iter    objective    inf_pr   inf_du lg(mu)  ||d||  lg(rg) alpha_du alpha_pr  ls
 100 2.5377129e+000 2.97e+002 1.28e+011   3.4 5.31e+000   7.9 1.32e-001 6.38e-004h  1
 101 2.5490218e+000 2.72e+002 1.12e+011   3.4 5.62e+000   7.4 3.59e-002 8.82e-002h  1
 102 2.5494049e+000 2.71e+002 1.32e+011   3.4 4.52e+000   7.9 5.64e-002 2.40e-003h  1
 103 2.5501479e+000 2.70e+002 2.18e+011   1.5 4.43e+000   8.3 6.48e-002 4.56e-003h  1
 104 2.5550527e+000 2.63e+002 2.08e+011   3.4 4.46e+000   7.8 2.85e-003 2.75e-002h  1
 105 2.5556525e+000 2.62e+002 1.59e+012   3.4 4.72e+000   8.2 1.00e+000 3.68e-003h  1
 106 2.5684282e+000 2.42e+002 1.55e+012   3.4 4.76e+000   7.8 5.92e-003 7.81e-002h  1
 107 2.5687634e+000 2.41e+002 1.49e+012   3.4 4.10e+000   8.2 1.11e-001 1.65e-003h  1
 108 2.5727939e+000 2.36e+002 1.95e+012   3.2 4.14e+000   8.6 3.21e-001 2.01e-002h  1
 109 2.6014379e+000 2.11e+002 1.84e+012   3.4 4.05e+000   8.1 2.16e-002 1.12e-001h  1
iter    objective    inf_pr   inf_du lg(mu)  ||d||  lg(rg) alpha_du alpha_pr  ls
 110 2.6019157e+000 2.10e+002 2.48e+012   3.4 3.91e+000   8.6 5.99e-001 2.31e-003h  1
 111 2.6059938e+000 2.06e+002 2.16e+012   3.4 3.95e+000   8.1 1.75e-001 2.11e-002h  1
 112 2.6123977e+000 1.99e+002 2.09e+012   3.4 3.94e+000   8.5 3.89e-002 3.25e-002h  1
 113 2.6128056e+000 1.99e+002 2.07e+012   3.4 3.50e+000   8.9 2.29e-004 2.63e-003h  1
 114 2.6139072e+000 1.97e+002 2.05e+012   2.9 3.40e+000   8.4 8.18e-002 7.94e-003h  1
 115 2.6186230e+000 1.91e+002 1.86e+012   3.4 3.49e+000   8.9 4.12e-004 3.17e-002h  1
 116 2.6209276e+000 1.87e+002 1.83e+012   3.4 3.60e+000   8.4 6.96e-003 1.94e-002h  1
 117 2.6213545e+000 1.87e+002 2.17e+012   2.6 3.51e+000   8.8 1.24e-001 3.32e-003h  1
 118 2.6264704e+000 1.77e+002 2.12e+012   3.4 3.75e+000   8.3 4.96e-003 5.27e-002h  1
 119 2.6275198e+000 1.75e+002 2.10e+012   3.4 3.36e+000   8.8 1.11e-002 8.65e-003h  1
iter    objective    inf_pr   inf_du lg(mu)  ||d||  lg(rg) alpha_du alpha_pr  ls
 120 2.6275499e+000 1.75e+002 2.10e+012   3.4 3.39e+000   9.2 1.64e-004 2.43e-004h  1
 121 2.6284732e+000 1.74e+002 2.11e+012   3.4 3.35e+000   8.7 3.67e-002 8.34e-003h  1
 122 2.6285920e+000 1.74e+002 2.19e+012   3.4 3.50e+000   9.1 1.04e-002 1.03e-003h  1
 123 2.6310011e+000 1.70e+002 2.50e+012   3.4 3.52e+000   8.7 6.62e-001 2.26e-002h  1
 124 2.6326234e+000 1.67e+002 2.45e+012   3.4 3.46e+000   9.1 1.05e-002 1.39e-002h  1
 125 2.6380740e+000 1.59e+002 2.32e+012   3.4 3.64e+000   8.6 5.76e-002 5.03e-002h  1
 126 2.6427497e+000 1.53e+002 2.34e+012   3.4 3.39e+000   9.0 6.32e-002 3.79e-002h  1
 127 2.6431738e+000 1.52e+002 2.23e+012   3.4 3.98e+000   8.6 7.30e-002 4.37e-003h  1
 128 2.6489124e+000 1.45e+002 2.55e+012   3.4 3.38e+000   9.0 1.94e-001 4.54e-002h  1
 129 2.6546481e+000 1.36e+002 2.42e+012   3.4 4.63e+000   8.5 5.12e-002 6.88e-002h  1
iter    objective    inf_pr   inf_du lg(mu)  ||d||  lg(rg) alpha_du alpha_pr  ls
 130 2.6578141e+000 1.32e+002 2.51e+012   3.4 3.29e+000   8.9 3.26e-001 2.67e-002h  1
 131 2.6580708e+000 1.32e+002 2.73e+012   3.4 3.10e+000   9.4 2.85e-002 2.52e-003h  1
 132 2.6682426e+000 1.19e+002 2.51e+012   3.4 3.39e+000   8.9 1.03e-003 9.78e-002h  1
 133 2.6816795e+000 1.05e+002 2.14e+012   3.4 2.86e+000   9.3 1.12e-001 1.24e-001h  1
 134 2.6818157e+000 1.05e+002 2.12e+012   3.4 7.81e+000   8.8 4.68e-003 1.28e-003h  1
 135 2.6818324e+000 1.05e+002 2.27e+012   3.4 2.72e+000   9.3 1.61e-001 1.43e-004h  1
 136 2.6824144e+000 1.04e+002 2.31e+012   3.4 1.86e+001   8.8 2.30e-003 7.22e-003h  1
 137 2.6832727e+000 1.03e+002 2.24e+012  -2.1 2.67e+000   9.2 7.40e-002 8.05e-003h  1
 138 2.6985747e+000 9.11e+001 9.50e+011   3.4 2.54e+000   9.6 1.37e-003 1.19e-001h  1
 139 2.6986741e+000 9.11e+001 7.79e+011   3.4 4.77e+000   9.2 4.14e-002 4.80e-004h  1
iter    objective    inf_pr   inf_du lg(mu)  ||d||  lg(rg) alpha_du alpha_pr  ls
 140 2.6986974e+000 9.11e+001 9.22e+011   3.4 2.15e+000   9.6 1.52e-002 1.36e-004h  1
 141 2.7139447e+000 8.41e+001 8.13e+011   3.4 3.12e+000   9.1 1.90e-003 7.80e-002h  1
 142 2.7151162e+000 8.37e+001 1.07e+012   3.4 2.46e+000   9.5 4.49e-002 5.06e-003h  1
 143 2.7151433e+000 8.37e+001 1.02e+012   1.7 3.32e+000   9.1 7.73e-002 1.08e-004h  1
 144 2.7140763e+000 8.23e+001 8.24e+011  -2.3 6.56e+000   9.5 5.42e-004 1.57e-002h  1
 145 2.7199721e+000 8.01e+001 7.42e+011   3.4 2.48e+000   9.9 2.44e-002 2.69e-002h  1
 146 2.7178029e+000 8.01e+001 6.78e+011   3.4 1.07e+002   9.4 7.24e-005 5.98e-004h  1
 147 2.7183695e+000 7.99e+001 6.77e+011   3.4 2.66e+000   9.9 2.63e-004 2.32e-003h  1
 148 2.7183716e+000 7.99e+001 6.77e+011   3.4 6.16e+000   9.4 3.62e-005 3.34e-005h  1
 149r2.7183716e+000 7.99e+001 1.00e+003   2.8 0.00e+000   9.8 0.00e+000 4.11e-007R  5
iter    objective    inf_pr   inf_du lg(mu)  ||d||  lg(rg) alpha_du alpha_pr  ls
 150r2.6795024e+000 8.57e+001 3.38e+003   2.1 1.70e+002    -  4.63e-001 6.51e-002f  1
 151 2.6834124e+000 8.50e+001 4.13e+008   0.3 1.94e+000   9.3 9.87e-001 7.77e-003h  1
 152 2.6834508e+000 8.50e+001 4.13e+008   2.1 1.87e+000   8.9 1.00e+000 7.69e-005h  1
 153 2.6843733e+000 8.49e+001 5.08e+008   3.3 1.80e+000   8.4 1.00e+000 1.95e-003h  1
 154 2.6866851e+000 8.41e+001 5.03e+008   3.4 3.32e+000   7.9 1.27e-002 8.97e-003h  1
 155 2.6871114e+000 8.40e+001 5.07e+008   3.4 2.23e+000   8.3 2.72e-002 1.52e-003h  1
 156 2.6948158e+000 8.35e+001 8.70e+008   3.4 2.80e+001   7.9 1.23e-002 6.17e-003h  1
 157 2.6952016e+000 8.26e+001 8.62e+008   3.4 2.49e+000   7.4 2.28e-002 9.69e-003h  1
 158 2.6953626e+000 8.25e+001 8.61e+008   3.4 2.13e+000   7.8 1.89e-002 2.00e-003h  1
 159 2.6954519e+000 8.19e+001 8.55e+008   3.4 2.82e+000   7.3 6.71e-002 7.39e-003h  1
iter    objective    inf_pr   inf_du lg(mu)  ||d||  lg(rg) alpha_du alpha_pr  ls
 160 2.6965655e+000 8.12e+001 8.48e+008   3.4 2.56e+000   7.8 1.08e-002 8.29e-003h  1
 161 2.6967015e+000 8.02e+001 8.37e+008   3.4 3.42e+000   7.3 5.08e-002 1.18e-002h  1
 162 2.6979458e+000 7.94e+001 8.29e+008   3.4 2.66e+000   7.7 9.17e-003 9.99e-003h  1
 163 2.6976024e+000 7.94e+001 8.29e+008   3.4 7.59e+000   7.2 7.98e-003 6.39e-004h  1
 164 2.6982836e+000 7.85e+001 8.20e+008   3.4 2.84e+000   7.6 7.18e-002 1.09e-002h  1
 165 2.6653222e+000 7.68e+001 8.01e+008   3.4 2.05e+001   7.2 2.65e-003 2.10e-002f  1
 166 2.6654503e+000 7.66e+001 7.99e+008   3.4 3.28e+000   7.6 1.84e-002 1.74e-003h  1
 167 2.6654539e+000 7.66e+001 7.98e+008   3.4 3.85e+000   7.1 3.40e-002 1.14e-003h  1
 168 2.6691469e+000 7.36e+001 7.66e+008   1.9 3.50e+000   7.5 5.58e-002 3.78e-002h  1
 169 2.6681023e+000 7.22e+001 7.50e+008   3.4 5.40e+000   7.1 3.76e-002 1.89e-002h  1
iter    objective    inf_pr   inf_du lg(mu)  ||d||  lg(rg) alpha_du alpha_pr  ls
 170 2.6671220e+000 7.16e+001 7.44e+008   3.4 4.66e+000   7.5 2.86e-002 7.72e-003h  1
 171 2.6657076e+000 6.98e+001 9.64e+008   3.4 4.26e+000   7.9 5.42e-002 2.49e-002h  1
 172 2.6652714e+000 6.98e+001 9.75e+008  -2.6 8.39e+000   8.3 2.53e-003 7.63e-004h  1
 173 2.6652599e+000 6.97e+001 9.79e+008   3.4 3.37e+000   8.8 3.10e-003 7.02e-004h  1
 174 2.6582991e+000 6.97e+001 9.37e+008  -2.6 3.86e+002   8.3 4.57e-006 1.78e-004f  1
 175 2.6576965e+000 6.97e+001 9.37e+008   3.4 8.64e+001   7.8 1.41e-004 1.85e-004h  1
 176 2.6577007e+000 6.97e+001 1.08e+009  -2.6 3.41e+000   8.2 1.51e-002 4.35e-005h  1
 177 2.6608614e+000 6.85e+001 9.30e+009   3.4 2.73e+000   7.8 1.67e-002 1.73e-002h  1
 178 2.6619335e+000 6.79e+001 9.22e+009   3.4 2.84e+000   7.3 1.46e-001 8.73e-003h  1
 179 2.6688345e+000 6.50e+001 8.83e+009   3.4 2.61e+000   7.7 2.06e-002 4.18e-002h  1
iter    objective    inf_pr   inf_du lg(mu)  ||d||  lg(rg) alpha_du alpha_pr  ls
 180 2.6690408e+000 6.49e+001 8.82e+009   3.4 3.42e+000   7.2 8.67e-002 1.21e-003h  1
 181 2.6716828e+000 6.40e+001 8.69e+009   3.4 2.46e+000   7.7 1.16e-001 1.44e-002h  1
 182 2.6762664e+000 6.23e+001 8.47e+009   3.4 6.36e+000   7.2 1.49e-001 2.49e-002h  1
 183 2.6768209e+000 6.21e+001 8.44e+009   3.4 2.57e+000   7.6 1.17e-001 3.75e-003h  1
 184 2.6850605e+000 5.92e+001 8.03e+009   3.4 2.51e+000   8.0 8.63e-002 4.61e-002h  1
 185 2.6936643e+000 5.61e+001 7.61e+009   3.4 2.55e+000   7.6 2.57e-003 5.08e-002h  1
 186 2.7050632e+000 5.23e+001 7.08e+009   3.4 2.25e+000   8.0 1.27e-003 6.59e-002h  1
 187 2.7094255e+000 5.10e+001 6.91e+009   3.2 2.37e+000   7.5 2.21e-001 2.34e-002h  1
 188 2.7129383e+000 5.01e+001 6.78e+009   3.4 2.27e+000   7.9 5.70e-003 1.85e-002h  1
 189 2.7152830e+000 4.95e+001 6.70e+009   3.4 2.71e+000   7.5 2.18e-002 1.23e-002h  1
iter    objective    inf_pr   inf_du lg(mu)  ||d||  lg(rg) alpha_du alpha_pr  ls
 190 2.7188013e+000 4.86e+001 6.59e+009   3.4 2.41e+000   7.9 1.81e-001 1.70e-002h  1
 191 2.7218323e+000 4.78e+001 6.47e+009   3.4 3.31e+000   7.4 3.68e-003 1.74e-002h  1
 192 2.7228051e+000 4.75e+001 6.44e+009   3.4 2.58e+000   7.8 7.29e-002 4.98e-003h  1
 193 2.7281048e+000 4.56e+001 6.18e+009   3.4 3.78e+000   7.4 1.65e-002 3.96e-002h  1
 194 2.7304008e+000 4.50e+001 6.11e+009  -2.6 2.65e+000   7.8 4.39e-002 1.25e-002h  1
 195 2.7376618e+000 4.27e+001 5.80e+009   3.4 4.04e+000   7.3 1.39e-002 5.03e-002h  1
 196 2.7412444e+000 4.19e+001 1.25e+011   3.4 2.57e+000   7.7 2.29e-001 1.98e-002h  1
 197 2.7529571e+000 4.09e+001 1.22e+011   3.4 6.22e+000   7.3 1.62e-002 2.35e-002h  1
 198 2.7546686e+000 4.08e+001 1.22e+011   3.4 1.58e+001   7.7 4.62e-002 3.19e-003h  1
 199 2.7554533e+000 4.07e+001 1.22e+011  -2.6 3.19e+001   7.2 8.39e-004 7.02e-004h  1
iter    objective    inf_pr   inf_du lg(mu)  ||d||  lg(rg) alpha_du alpha_pr  ls
 200 2.7556246e+000 4.07e+001 1.22e+011   3.4 3.58e+000   8.5 1.99e-005 1.77e-003h  1
 201 2.7558836e+000 4.06e+001 1.21e+011   3.4 2.68e+000   9.0 2.26e-002 2.12e-003h  1
 202 2.7576636e+000 3.98e+001 1.19e+011   3.4 5.14e+000   8.5 1.60e-003 1.97e-002h  1
 203 2.7576927e+000 3.98e+001 1.19e+011   3.4 2.95e+000   8.0 2.22e-002 1.58e-004h  1
 204 2.7578353e+000 3.97e+001 1.19e+011   2.4 2.49e+000   8.4 2.63e-002 1.22e-003h  1
 205 2.7700746e+000 3.56e+001 1.07e+011   3.4 2.44e+000   8.0 8.25e-004 1.01e-001h  1
 206 2.7701240e+000 3.50e+001 1.05e+011   3.4 4.02e+000   7.5 1.41e-003 1.78e-002h  1
 207 2.7719841e+000 3.33e+001 9.99e+010   3.4 2.83e+000   7.9 8.21e-002 4.80e-002h  1
 208 2.7728108e+000 3.09e+001 9.27e+010   3.4 3.72e+000   7.4 2.94e-002 7.19e-002h  1
 209 2.7728630e+000 3.08e+001 9.26e+010   3.4 2.41e+000   7.9 1.43e-002 1.60e-003h  1
iter    objective    inf_pr   inf_du lg(mu)  ||d||  lg(rg) alpha_du alpha_pr  ls
 210 2.7728218e+000 2.91e+001 8.76e+010   3.4 3.26e+000   7.4 1.64e-001 5.40e-002h  1
 211 2.7728701e+000 2.91e+001 8.75e+010   3.4 2.23e+000   7.8 8.14e-002 1.19e-003h  1
 212 2.7736146e+000 2.84e+001 8.52e+010   3.4 2.73e+000   7.3 4.17e-002 2.55e-002h  1
 213 2.7742153e+000 2.78e+001 8.35e+010   3.4 2.12e+000   7.7 2.83e-004 2.02e-002h  1
 214 2.7741896e+000 2.77e+001 8.31e+010   3.4 2.33e+000   7.3 6.01e-002 4.31e-003h  1
 215 2.7752592e+000 2.50e+001 7.51e+010   3.4 2.08e+000   7.7 1.59e-003 9.65e-002h  1
 216 2.7745456e+000 2.46e+001 7.41e+010   3.4 2.30e+000   7.2 6.31e-002 1.41e-002h  1
 217 2.7754342e+000 2.30e+001 6.92e+010   3.4 1.99e+000   7.6 5.61e-002 6.61e-002h  1
 218 2.7739617e+000 2.19e+001 6.61e+010   3.4 2.25e+000   7.2 7.17e-002 4.50e-002h  1
 219 2.7744832e+000 2.15e+001 6.48e+010   3.4 1.81e+000   7.6 1.42e-001 1.91e-002h  1
iter    objective    inf_pr   inf_du lg(mu)  ||d||  lg(rg) alpha_du alpha_pr  ls
 220 2.7723130e+000 2.07e+001 6.25e+010   3.4 2.13e+000   7.1 1.62e-001 3.53e-002h  1
 221 2.7717202e+000 2.00e+001 6.04e+010   3.4 1.74e+000   7.5 6.17e-002 3.43e-002h  1
 222 2.7650957e+000 1.79e+001 5.40e+010   3.4 2.02e+000   7.1 8.95e-003 1.05e-001h  1
 223 2.7650056e+000 1.79e+001 5.39e+010   3.4 1.51e+000   7.5 6.87e-002 2.97e-003h  1
 224 2.7522252e+000 1.20e+001 3.66e+010   3.4 1.78e+000   7.0 1.36e-002 3.21e-001h  1
 225 2.7522368e+000 1.19e+001 3.64e+010   3.4 1.00e+000   7.4 1.31e-001 4.64e-003h  1
 226 2.7525597e+000 1.00e+001 3.06e+010   3.4 1.10e+000   7.0 3.96e-001 1.60e-001h  1
 227 2.7526117e+000 9.95e+000 3.04e+010  -2.6 8.48e-001   7.4 2.29e-001 5.40e-003h  1
 228 2.7530718e+000 8.22e+000 2.52e+010   3.4 9.89e-001   6.9 5.31e-002 1.72e-001h  1
 229 2.7530986e+000 8.20e+000 3.02e+010   3.4 7.14e-001   7.3 3.61e-001 3.32e-003h  1
iter    objective    inf_pr   inf_du lg(mu)  ||d||  lg(rg) alpha_du alpha_pr  ls
 230 2.7551156e+000 5.09e+000 2.57e+010   3.4 8.67e-001   6.9 1.39e-002 3.74e-001h  1
 231 2.7546782e+000 4.93e+000 1.62e+010   3.4 7.85e-001   6.4 2.69e-001 3.00e-002h  1
 232 2.7550182e+000 3.48e+000 1.08e+010   3.4 5.26e-001   6.8 4.23e-001 2.93e-001h  1
 233 2.7548214e+000 2.53e+000 7.86e+009   3.4 4.60e-001   6.3 4.95e-001 2.71e-001f  1
 234 2.7556747e+000 1.46e+000 4.56e+009   3.4 2.66e-001   6.8 3.48e-001 4.20e-001f  1
 235 2.7542342e+000 1.62e-001 5.09e+009   3.4 1.76e-001   6.3 4.43e-001 1.00e+000f  1
 236 2.7540550e+000 6.32e-005 8.62e+007   1.3 2.69e-003   5.8 9.86e-001 1.00e+000f  1
 237 2.7540551e+000 6.39e-011 8.48e+005  -4.3 1.69e-006   5.3 9.90e-001 1.00e+000h  1
 238 2.7540040e+000 2.95e-007 8.80e+000  -1.5 1.24e-004   4.9 1.00e+000 1.00e+000f  1
 239 2.7540004e+000 1.29e-008 2.25e-001  -3.4 9.47e-006   4.4 1.00e+000 1.00e+000h  1
iter    objective    inf_pr   inf_du lg(mu)  ||d||  lg(rg) alpha_du alpha_pr  ls
 240 2.7539966e+000 7.63e-010 2.15e-002  -5.1 2.72e-006   3.9 1.00e+000 1.00e+000h  1
 241 2.7539848e+000 9.51e-009 2.87e-002  -6.5 1.09e-005   3.4 1.00e+000 1.00e+000h  1
 242 2.7539490e+000 9.76e-008 2.98e-002  -7.7 3.39e-005   2.9 1.00e+000 1.00e+000h  1
 243 2.7538414e+000 8.91e-007 2.99e-002  -8.5 1.02e-004   2.5 1.00e+000 1.00e+000h  1
 244 2.7537437e+000 1.35e-006 2.98e-002  -8.7 3.04e-004   2.0 1.00e+000 3.03e-001h  1
 245 2.7537245e+000 1.33e-006 5.19e-001  -8.4 7.76e-004   1.5 1.00e+000 2.20e-002h  1
 246 2.7535105e+000 1.72e-006 1.09e+000  -7.8 1.95e-003   1.0 1.00e+000 8.74e-002h  1
 247 2.7533637e+000 2.35e-006 1.09e+001  -7.0 5.89e-003   0.6 1.00e+000 2.18e-002h  1
 248 2.7525669e+000 2.13e-005 1.12e+001  -5.9 1.73e-002   0.1 1.00e+000 4.24e-002f  1
 249 2.7459086e+000 1.41e-003 2.19e+001  -4.7 4.95e-002  -0.4 1.00e+000 1.40e-001f  1
iter    objective    inf_pr   inf_du lg(mu)  ||d||  lg(rg) alpha_du alpha_pr  ls
 250 2.5016847e+000 2.33e+000 3.38e+001  -2.7 1.83e+000  -0.9 2.52e-001 4.19e-001f  1
 251 2.4136158e+000 1.28e+000 6.79e+000  -3.0 1.05e+000  -1.4 3.48e-001 5.42e-001h  1
 252 1.8664632e+000 1.03e+002 7.11e+001  -2.0 2.24e+000  -1.8 2.79e-001 9.24e-001f  1
 253 1.8666090e+000 9.90e+001 9.45e+002  -0.9 5.13e+000   0.4 1.00e+000 3.43e-002f  1
 254 1.8646688e+000 5.65e+001 4.09e+002  -1.3 8.52e+000    -  6.03e-001 8.26e-001f  1
 255 1.7992498e+000 4.58e+001 2.25e+003  -0.0 5.47e+000  -0.1 5.71e-001 1.57e-001f  1
 256 1.7668760e+000 1.31e+001 6.63e+002  -0.5 3.12e+000  -0.5 7.56e-001 7.13e-001f  1
 257 1.7350533e+000 8.85e+000 1.73e+002  -1.1 1.88e+000  -1.0 8.73e-001 1.00e+000f  1
 258 1.6861280e+000 5.32e+001 9.63e+001  -1.1 2.96e+000  -1.5 5.65e-001 9.79e-001f  1
 259 1.6790321e+000 1.01e+002 1.79e+002  -1.8 4.65e+000  -2.0 4.24e-001 1.00e+000h  1
iter    objective    inf_pr   inf_du lg(mu)  ||d||  lg(rg) alpha_du alpha_pr  ls
 260 1.7495006e+000 6.53e+001 1.58e+002  -0.9 3.71e+000  -1.6 1.00e+000 9.92e-001f  1
 261 1.7748267e+000 5.31e+001 3.08e+002  -1.0 2.25e+000  -1.1 4.90e-001 1.00e+000f  1
 262 1.7639176e+000 3.68e+001 3.92e+002  -1.0 2.80e+000  -1.6 6.65e-001 1.00e+000f  1
 263 1.8333403e+000 1.74e+001 1.23e+002  -1.0 5.82e+000  -2.1 4.64e-001 6.28e-001f  1
 264 1.8211239e+000 2.09e+000 6.13e+001  -1.0 4.47e-001  -0.8 1.00e+000 1.00e+000f  1
 265 1.8221910e+000 3.34e-001 1.53e+001  -1.0 1.51e-002   1.5 1.00e+000 1.00e+000h  1
 266 1.8219146e+000 6.20e-002 6.89e+000  -2.7 5.48e-003   1.0 1.00e+000 1.00e+000h  1
 267 1.8214068e+000 6.45e-004 4.72e-001  -4.3 1.85e-003   0.5 1.00e+000 1.00e+000h  1
 268 1.8198306e+000 2.17e-002 9.44e-003  -5.7 5.95e-003   0.0 1.00e+000 1.00e+000h  1
 269 1.8153058e+000 1.87e-001 6.16e-002  -7.2 1.74e-002  -0.4 1.00e+000 1.00e+000h  1
iter    objective    inf_pr   inf_du lg(mu)  ||d||  lg(rg) alpha_du alpha_pr  ls
 270 1.8035964e+000 6.72e-001 1.49e-001  -8.4 4.92e-002  -0.9 1.00e+000 1.00e+000h  1
 271 1.7777203e+000 7.37e-001 8.09e-002  -9.2 1.29e-001  -1.4 1.00e+000 1.00e+000h  1
 272 1.7306955e+000 2.86e+000 3.09e-001  -9.6 2.71e-001  -1.9 1.00e+000 1.00e+000h  1
 273 1.6797819e+000 2.46e+000 1.92e-001  -7.6 5.11e-001  -2.3 1.00e+000 6.42e-001h  1
 274 1.6791512e+000 2.41e+000 1.88e-001  -5.6 2.10e-001  -1.9 1.00e+000 2.23e-002h  1
 275 1.6507840e+000 5.06e+001 1.42e+000  -3.6 1.22e+000  -2.4 1.00e+000 4.37e-001f  1
 276 1.5563924e+000 4.84e+000 2.18e+000  -3.0 1.34e+000  -2.9 1.00e+000 1.00e+000h  1
 277 1.5510303e+000 1.47e+001 3.31e+000  -2.6 1.03e+000  -2.4 1.00e+000 6.90e-001h  1
 278 1.6656415e+000 1.56e+002 4.97e+001  -2.3 6.14e+000  -2.9 4.18e-001 1.00e+000h  1
 279 1.6682090e+000 1.91e+002 6.58e+001  -2.6 3.73e+000  -1.6 3.39e-001 3.61e-001h  1
iter    objective    inf_pr   inf_du lg(mu)  ||d||  lg(rg) alpha_du alpha_pr  ls
 280 1.6388689e+000 7.43e+001 4.44e+001  -2.6 2.25e+000  -2.1 1.00e+000 7.06e-001h  1
 281 1.6275117e+000 1.26e+001 2.59e+001  -2.6 3.40e-001  -0.7 1.00e+000 1.00e+000h  1
 282 1.6242638e+000 7.38e+000 1.02e+002  -2.6 3.99e-001  -0.3 7.31e-001 1.00e+000h  1
 283 1.6249376e+000 2.40e+000 3.28e+001  -3.1 1.29e-001   0.1 1.00e+000 1.00e+000h  1
 284 1.6252703e+000 7.61e-001 5.56e+000  -4.2 9.08e-002  -0.4 1.00e+000 1.00e+000h  1
 285 1.6165803e+000 1.77e-001 3.94e-001  -4.4 6.72e-002  -0.8 1.00e+000 1.00e+000h  1
 286 1.5994498e+000 6.81e+000 1.52e+000  -4.8 1.10e-001  -1.3 1.00e+000 1.00e+000h  1
 287 1.5667270e+000 1.36e+000 1.41e-001  -4.5 1.65e-001  -1.8 1.00e+000 1.00e+000h  1
 288 1.5218972e+000 1.84e+000 1.25e-001  -4.1 4.05e-001  -2.3 1.00e+000 8.84e-001h  1
 289 1.4576693e+000 4.50e+000 1.92e-001  -3.6 8.14e-001  -2.7 1.00e+000 1.00e+000h  1
iter    objective    inf_pr   inf_du lg(mu)  ||d||  lg(rg) alpha_du alpha_pr  ls
 290 1.3753847e+000 4.65e+000 4.78e-001  -3.6 1.66e+000  -3.2 1.00e+000 9.61e-001h  1
 291 1.4267627e+000 6.74e+001 1.97e+000  -2.7 1.07e+001  -3.7 8.84e-001 4.69e-001h  1
 292 1.4131380e+000 2.73e+001 7.37e-001  -2.9 1.72e+000  -3.3 1.00e+000 1.00e+000h  1
 293 1.4358416e+000 2.24e+001 1.85e+000  -2.9 3.51e+000  -3.8 1.00e+000 1.00e+000h  1
 294 1.5447769e+000 7.04e+001 2.97e+000  -2.9 8.05e+000  -4.2 7.16e-001 1.00e+000h  1
 295 1.5606871e+000 1.63e+001 2.86e-001  -2.9 2.76e+000  -3.8 1.00e+000 1.00e+000h  1
 296 1.7813197e+000 2.71e+002 1.54e+000  -2.9 2.74e+001    -  5.17e-001 6.41e-001h  1
 297 1.8587043e+000 2.49e+002 1.02e+001  -2.9 8.78e+000    -  8.46e-001 1.00e+000h  1
 298 1.8483633e+000 1.09e+002 6.07e+000  -2.9 1.13e+000  -3.4 1.00e+000 1.00e+000h  1
 299 1.8237310e+000 1.36e+002 9.70e-001  -2.9 2.78e+000  -3.9 1.00e+000 1.00e+000h  1
iter    objective    inf_pr   inf_du lg(mu)  ||d||  lg(rg) alpha_du alpha_pr  ls
 300 1.8378183e+000 1.13e+002 1.93e+000  -2.9 3.02e+001  -4.3 2.63e-001 2.44e-001h  1
 301 1.8337610e+000 7.68e+001 3.18e+000  -2.9 7.55e+000  -4.8 1.00e+000 1.00e+000h  1
 302 1.8403183e+000 2.94e+001 1.16e+000  -2.9 4.23e+000    -  1.00e+000 9.84e-001h  1
 303 1.8362593e+000 1.06e+001 1.49e-001  -2.9 2.30e+000    -  1.00e+000 1.00e+000h  1
 304 1.8361636e+000 3.46e+000 3.47e-001  -2.9 7.12e-002  -0.8 1.00e+000 1.00e+000h  1
 305 1.8363966e+000 1.00e+000 1.23e-001  -2.9 2.25e-002  -0.3 1.00e+000 1.00e+000h  1
 306 1.8363974e+000 6.92e-002 2.75e-002  -2.9 8.47e-003  -0.8 1.00e+000 1.00e+000h  1
 307 1.8359170e+000 1.05e+001 3.80e-001  -2.9 1.90e+000    -  1.00e+000 1.00e+000h  1
 308 1.8363640e+000 8.30e+000 2.89e-001  -2.9 1.56e+000    -  1.00e+000 1.00e+000h  1
 309 1.8361832e+000 2.39e+000 1.04e-001  -2.9 1.19e+000    -  1.00e+000 1.00e+000h  1
iter    objective    inf_pr   inf_du lg(mu)  ||d||  lg(rg) alpha_du alpha_pr  ls
 310 1.8363516e+000 4.85e-001 1.22e-002  -2.9 3.79e-001    -  1.00e+000 1.00e+000h  1
 311 1.8363539e+000 7.41e-003 3.18e-004  -2.9 6.44e-002    -  1.00e+000 1.00e+000h  1
 312 1.1924273e+000 3.21e+001 4.61e-001  -4.3 9.66e+000    -  5.77e-001 9.25e-001f  1
 313 7.8328168e-001 4.10e+001 6.00e-001  -3.7 9.08e+000    -  1.00e+000 1.00e+000h  1
 314 5.4145157e-001 5.64e+001 1.39e-001  -3.8 9.26e+000    -  1.00e+000 1.00e+000h  1
 315 5.3739718e-001 4.74e+000 3.74e+000  -4.5 1.16e-001  -1.3 1.00e+000 1.00e+000h  1
 316 5.3807849e-001 4.52e-001 1.66e-001  -5.4 2.68e-002  -0.9 1.00e+000 1.00e+000h  1
 317 5.3744792e-001 1.19e-001 3.48e-002  -6.1 2.15e-002  -1.4 1.00e+000 1.00e+000h  1
 318 5.3619770e-001 2.55e-001 9.76e-003  -6.9 3.28e-002  -1.8 1.00e+000 1.00e+000h  1
 319 5.3408095e-001 2.13e-001 2.37e-002  -7.6 7.88e-002  -2.3 1.00e+000 1.00e+000h  1
iter    objective    inf_pr   inf_du lg(mu)  ||d||  lg(rg) alpha_du alpha_pr  ls
 320 5.3354608e-001 1.94e-001 2.09e-002  -5.6 1.39e-001  -2.8 1.00e+000 1.34e-001h  1
 321 5.3039261e-001 1.74e+000 1.66e-002  -4.1 6.41e-001  -3.3 1.00e+000 9.26e-001h  1
 322 5.1257486e-001 8.79e-001 1.71e-002  -4.7 5.99e-001  -3.7 9.96e-001 1.00e+000h  1
 323 4.6722308e-001 1.56e+000 2.05e-002  -5.0 1.71e+000  -4.2 1.00e+000 1.00e+000h  1
 324 4.1115221e-001 3.33e+000 1.57e-002  -4.3 2.94e+000  -4.7 1.00e+000 1.00e+000h  1
 325 3.3919552e-001 3.61e+000 3.11e-002  -4.3 4.64e+000  -5.2 1.00e+000 1.00e+000h  1
 326 3.1926490e-001 1.27e+000 6.38e-003  -4.4 2.13e+000  -4.7 1.00e+000 1.00e+000h  1
 327 3.1342630e-001 1.93e-001 3.05e-003  -4.4 8.53e-001  -4.3 8.30e-001 1.00e+000h  1
 328 2.8026597e-001 3.30e+000 1.05e-002  -4.8 2.24e+000  -4.8 9.38e-001 1.00e+000h  1
 329 3.4845698e-001 2.09e+001 7.43e-002  -4.1 6.48e+000  -5.3 1.00e+000 1.00e+000h  1
iter    objective    inf_pr   inf_du lg(mu)  ||d||  lg(rg) alpha_du alpha_pr  ls
 330 3.2574588e-001 2.64e+000 1.08e-002  -4.2 5.63e+000    -  7.35e-001 1.00e+000h  1
 331 3.2458391e-001 2.14e+000 8.70e-003  -4.2 3.66e+001    -  3.87e-001 1.99e-001h  1
 332 3.2219521e-001 3.04e-002 4.01e-004  -4.2 2.50e+000    -  1.00e+000 1.00e+000h  1
 333 2.8030407e-001 6.50e+000 1.29e-002  -4.3 3.54e+000    -  8.27e-001 1.00e+000h  1
 334 2.7314966e-001 4.32e+000 9.11e-003  -4.4 7.01e+000    -  3.69e-001 3.43e-001h  1
 335 2.9596387e-001 3.49e+000 1.41e-001  -4.1 1.35e+001  -4.8 5.27e-002 5.52e-001h  1
 336 2.9458612e-001 1.06e+000 2.36e-001  -4.4 3.21e+000  -3.5 1.81e-002 8.84e-001h  1
 337 3.0019696e-001 2.76e+000 1.32e-001  -3.8 5.89e-001  -3.1 1.00e+000 1.00e+000f  1
 338 3.0242061e-001 1.27e+000 2.11e-001  -3.9 1.26e+000  -3.6 7.27e-001 1.00e+000h  1
 339 3.1198729e-001 1.87e-001 3.20e-002  -4.0 8.96e-001  -4.0 1.00e+000 1.00e+000h  1
iter    objective    inf_pr   inf_du lg(mu)  ||d||  lg(rg) alpha_du alpha_pr  ls
 340 2.9522470e-001 1.80e+000 2.52e-002  -4.5 1.21e+000  -4.5 1.00e+000 1.00e+000h  1
 341 2.8303259e-001 1.35e+000 1.59e-002  -4.6 3.45e+000  -5.0 1.00e+000 3.91e-001h  1
 342 2.6691570e-001 1.33e+000 5.03e-003  -4.7 1.11e+000  -4.6 9.99e-001 1.00e+000h  1
 343 2.6428637e-001 5.26e-001 4.46e-003  -4.4 2.21e+000  -5.0 1.00e+000 1.00e+000h  1
 344 2.7740260e-001 6.03e-001 5.71e-003  -4.2 7.74e+000  -5.5 2.35e-001 2.53e-001h  1
 345 2.7385561e-001 5.30e-001 5.82e-003  -4.4 6.35e+000    -  5.78e-001 1.50e-001h  1
 346 2.6241419e-001 1.65e+000 9.65e-003  -5.0 8.58e-001  -4.2 9.95e-001 1.00e+000h  1
 347 2.6272558e-001 1.05e+000 5.87e-003  -4.4 1.06e+000  -4.7 1.00e+000 1.00e+000h  1
 348 2.9169715e-001 1.64e+000 1.49e-002  -4.2 3.82e+000  -5.2 3.50e-001 7.61e-001h  1
 349 2.8142232e-001 1.54e+000 1.05e-002  -4.4 1.27e+001    -  1.75e-001 3.29e-001h  1
iter    objective    inf_pr   inf_du lg(mu)  ||d||  lg(rg) alpha_du alpha_pr  ls
 350 2.7610488e-001 6.83e-001 4.73e-003  -4.4 5.28e+000  -4.7 6.80e-001 6.81e-001h  1
 351 2.6371858e-001 3.40e-001 4.60e-003  -4.4 3.19e+000    -  1.00e+000 7.51e-001h  1
 352 3.0685872e-001 4.06e+000 1.37e-002  -4.2 3.45e+000  -5.2 6.17e-001 1.00e+000f  1
 353 2.9399760e-001 2.08e+000 7.93e-003  -4.3 6.21e+000  -5.7 6.29e-001 5.96e-001h  1
 354 2.7973987e-001 3.93e-001 2.48e-003  -4.3 4.35e+000    -  1.00e+000 1.00e+000h  1
 355 2.7866594e-001 3.68e-001 4.24e-003  -4.3 2.63e+000    -  1.00e+000 7.99e-001h  1
 356 2.7049751e-001 6.52e-001 6.81e-003  -4.5 1.44e+000  -4.4 1.00e+000 9.83e-001h  1
 357 2.6943153e-001 7.11e-001 1.03e-002  -4.6 7.13e+000  -3.9 1.22e-001 7.95e-002h  1
 358 2.6801306e-001 2.20e-001 1.72e-002  -4.6 9.52e-001  -3.5 3.64e-001 7.92e-001h  1
 359 2.6458841e-001 6.59e-002 2.16e-002  -4.6 8.97e-001  -4.0 9.94e-001 1.00e+000f  1
iter    objective    inf_pr   inf_du lg(mu)  ||d||  lg(rg) alpha_du alpha_pr  ls
 360 2.5723598e-001 1.36e-001 5.59e-003  -4.6 1.64e+000  -4.5 9.57e-001 9.44e-001h  1
 361 2.7941487e-001 8.20e+000 3.62e-002  -4.2 8.49e+000    -  8.81e-001 4.56e-001h  1
 362 2.6460924e-001 1.46e+000 1.20e-002  -4.4 1.01e+001    -  1.00e+000 1.00e+000h  1
 363 2.6356852e-001 1.60e-001 3.83e-004  -4.4 5.00e+000    -  1.00e+000 1.00e+000h  1
 364 2.2565471e-001 1.22e+001 3.57e-002  -4.6 4.25e+000    -  8.79e-001 9.96e-001h  1
 365 2.4657575e-001 2.00e+000 9.47e-003  -4.3 1.84e+000  -4.9 1.00e+000 1.00e+000h  1
 366 2.4677263e-001 1.26e-001 1.44e-002  -4.4 1.03e+000  -4.5 1.00e+000 1.00e+000h  1
 367 2.4195029e-001 5.22e-001 1.11e-002  -4.7 9.58e-001  -4.1 9.94e-001 1.00e+000h  1
 368 2.3860373e-001 2.61e-001 5.24e-003  -5.3 3.52e-001  -3.7 9.99e-001 1.00e+000h  1
 369 2.3297572e-001 1.79e-001 3.49e-003  -5.0 6.81e-001  -4.1 1.00e+000 1.00e+000h  1
iter    objective    inf_pr   inf_du lg(mu)  ||d||  lg(rg) alpha_du alpha_pr  ls
 370 2.3045245e-001 3.49e-002 3.07e-003  -5.3 3.75e-001  -3.7 9.93e-001 1.00e+000h  1
 371 2.2666022e-001 6.99e-002 6.33e-004  -5.0 6.69e-001  -4.2 1.00e+000 1.00e+000h  1
 372 2.2438788e-001 4.58e-001 2.01e-003  -4.7 6.08e-001  -4.7 1.00e+000 1.00e+000h  1
 373 2.0909650e-001 9.49e-001 3.61e-003  -5.0 1.94e+000  -5.1 9.90e-001 1.00e+000h  1
 374 2.1201259e-001 2.45e-001 4.64e-003  -4.7 4.72e-001  -4.7 1.00e+000 1.00e+000h  1
 375 2.0445547e-001 8.86e-001 2.68e-003  -4.8 4.34e+000    -  1.00e+000 1.00e+000h  1
 376 1.9338412e-001 6.62e-001 2.95e-003  -4.9 4.14e+000    -  1.00e+000 1.00e+000h  1
 377 1.9282629e-001 4.45e-001 4.42e-003  -4.9 4.18e+000    -  4.31e-001 3.56e-001h  1
 378 1.8650466e-001 1.19e-001 4.62e-003  -5.0 3.58e+000    -  9.97e-001 1.00e+000h  1
 379 1.7725261e-001 3.97e-001 3.54e-003  -5.3 2.70e+000    -  9.99e-001 1.00e+000h  1
iter    objective    inf_pr   inf_du lg(mu)  ||d||  lg(rg) alpha_du alpha_pr  ls
 380 1.7447487e-001 2.69e-001 6.50e-004  -5.3 2.07e+000    -  9.96e-001 1.00e+000h  1
 381 1.7220157e-001 3.94e-001 7.83e-004  -5.4 2.76e+000    -  1.00e+000 1.00e+000h  1
 382 1.6991180e-001 1.22e-001 4.99e-004  -5.7 8.74e-001  -5.2 1.00e+000 1.00e+000h  1
 383 1.7252285e-001 1.87e-001 6.59e-004  -5.4 8.87e-001    -  1.00e+000 1.00e+000h  1
 384 1.7061376e-001 1.76e-001 3.90e-004  -5.5 2.31e+000    -  1.00e+000 8.46e-001h  1
 385 1.6812447e-001 1.33e-001 5.33e-004  -5.6 1.67e+000    -  1.00e+000 1.00e+000h  1
 386 1.6660354e-001 1.03e-001 2.81e-004  -5.8 1.28e+000    -  1.00e+000 1.00e+000h  1
 387 1.6541892e-001 5.31e-002 1.41e-004  -6.0 6.41e-001  -5.7 1.00e+000 1.00e+000h  1
 388 1.6802638e-001 3.68e-001 1.08e-003  -5.6 1.65e+000  -6.1 8.64e-001 1.00e+000h  1
 389 1.6789491e-001 3.24e-001 5.09e-003  -5.8 6.30e+000  -5.7 3.23e-001 1.21e-001h  1
iter    objective    inf_pr   inf_du lg(mu)  ||d||  lg(rg) alpha_du alpha_pr  ls
 390 1.6721548e-001 2.15e-002 2.99e-004  -5.8 6.67e-001  -5.3 1.00e+000 1.00e+000h  1
 391 1.6592793e-001 6.65e-002 2.62e-004  -5.9 1.51e+000  -5.8 9.28e-001 1.00e+000h  1
 392 1.6575778e-001 5.99e-002 5.09e-004  -6.0 3.03e+001    -  2.05e-001 1.42e-001h  1
 393 1.6530853e-001 7.45e-002 5.51e-004  -6.0 1.49e+001    -  6.63e-001 5.18e-001h  1
 394 1.6421268e-001 1.37e-001 1.18e-003  -6.3 3.53e+000  -6.2 6.32e-001 7.84e-001h  1
 395 1.6391512e-001 1.54e-002 3.86e-004  -6.5 6.65e-001  -4.9 1.00e+000 1.00e+000h  1
 396 1.6371617e-001 9.64e-003 1.45e-003  -6.8 7.12e-001  -4.5 1.00e+000 1.00e+000h  1
 397 1.6368085e-001 5.18e-002 1.15e-003  -6.5 1.10e+000  -5.0 1.00e+000 6.67e-001h  1
 398 1.6341670e-001 1.54e-002 1.68e-003  -6.7 2.27e+000  -5.4 1.00e+000 1.00e+000h  1
 399 1.6384178e-001 1.23e-001 3.26e-003  -5.9 8.19e+000  -5.9 3.34e-001 3.88e-001h  1
iter    objective    inf_pr   inf_du lg(mu)  ||d||  lg(rg) alpha_du alpha_pr  ls
 400 1.6352726e-001 1.19e-001 1.84e-002  -6.4 3.07e+001  -6.4 2.22e-001 2.96e-001h  1
 401 1.6350536e-001 1.18e-001 4.43e-002  -6.4 3.28e+001  -6.0 2.87e-001 1.58e-002h  1
 402 1.6321695e-001 8.90e-002 3.22e-003  -6.4 5.32e+000  -5.5 1.00e+000 7.47e-001f  1
 403 1.6384224e-001 2.77e+000 4.27e-002  -5.7 2.31e+001    -  1.21e-001 2.52e-001f  1
 404 1.6306542e-001 3.45e-001 3.82e-002  -6.3 2.57e+000    -  5.37e-001 1.00e+000h  1
 405 1.6428439e-001 2.97e-001 2.21e-002  -5.8 4.32e+000    -  3.99e-001 4.81e-001h  1
 406 1.6415766e-001 2.66e-001 1.93e-002  -6.1 2.53e+001    -  4.16e-001 1.40e-001h  1
 407 1.6366535e-001 5.61e-003 3.18e-004  -6.1 8.64e-001    -  1.00e+000 1.00e+000h  1
 408 1.6290164e-001 1.13e-001 2.13e-004  -6.4 1.24e+000    -  1.00e+000 1.00e+000h  1
 409 1.6257689e-001 7.37e-002 1.49e-004  -6.6 1.20e+000    -  1.00e+000 1.00e+000h  1
iter    objective    inf_pr   inf_du lg(mu)  ||d||  lg(rg) alpha_du alpha_pr  ls
 410 1.6250726e-001 7.10e-004 1.12e-005  -6.7 3.95e-001    -  1.00e+000 1.00e+000h  1
 411 1.6240770e-001 1.44e-003 1.34e-005  -7.0 4.83e-001    -  1.00e+000 9.97e-001h  1
 412 1.6236536e-001 4.25e-004 6.73e-006  -7.2 3.55e-001    -  1.00e+000 1.00e+000h  1
 413 1.6234064e-001 1.60e-004 5.01e-006  -7.5 3.24e-001    -  1.00e+000 1.00e+000h  1
 414 1.6233325e-001 1.96e-004 1.25e-006  -7.7 1.55e-001    -  1.00e+000 9.96e-001h  1
 415 1.6232604e-001 1.39e-004 9.89e-007  -8.0 1.39e-001    -  1.00e+000 9.99e-001h  1
 416 1.6232350e-001 9.54e-005 2.79e-007  -8.2 8.06e-002    -  1.00e+000 1.00e+000h  1
 417 1.6232133e-001 8.44e-005 2.28e-007  -8.5 6.88e-002    -  1.00e+000 9.97e-001h  1
 418 1.6232048e-001 2.81e-005 7.17e-008  -8.7 3.54e-002    -  1.00e+000 1.00e+000h  1
 419 1.6231996e-001 1.20e-005 5.82e-008  -9.0 2.12e-002    -  1.00e+000 9.97e-001h  1

Number of Iterations....: 419

                                   (scaled)                 (unscaled)
Objective...............:  1.6231996339114124e-001   1.6231996339114124e-001
Dual infeasibility......:  5.8235473676824496e-008   5.8235473676824496e-008
Constraint violation....:  4.2311196063927270e-007   1.1988728374490165e-005
Complementarity.........:  1.0745772130444442e-009   1.0745772130444442e-009
Overall NLP error.......:  4.2311196063927270e-007   1.1988728374490165e-005


Number of objective function evaluations             = 425
Number of objective gradient evaluations             = 420
Number of equality constraint evaluations            = 425
Number of inequality constraint evaluations          = 425
Number of equality constraint Jacobian evaluations   = 421
Number of inequality constraint Jacobian evaluations = 421
Number of Lagrangian Hessian evaluations             = 419
Total CPU secs in IPOPT (w/o function evaluations)   =    127.182
Total CPU secs in NLP function evaluations           =     31.336

EXIT: Optimal Solution Found.
               t_proc [s]   t_wall [s]    n_eval
       nlp_f        0.142        0.139       425
       nlp_g        0.812        0.816       425
  nlp_grad_f        0.356        0.346       421
  nlp_hess_l         20.1         20.1       418
   nlp_jac_g         9.79         9.79       422
      solver          159          159         1
